1, 1, 65, 100.
2, 2, 23, 169.
3, 3, 52, 360.
4, 4, 63, 155.
5, 5, 74, 348.
6, 6, 68, 84.
7, 7, 62, 158.
8, 8, 97, 125.
9, 9, 21, 378.
10, 10, 93, 358.
11, 11, 95, 465.
12, 12, 68, 40.
13, 13, 78, 309.
14, 14, 55, 408.
15, 15, 100, 250.
16, 16, 76, 4.
17, 17, 44, 276.
18, 18, 93, 444.
19, 19, 34, 203.
20, 20, 50, 365.
21, 21, 23, 361.
22, 22, 72, 70.
23, 23, 38, 50.
24, 24, 23, 281.
25, 25, 78, 472.
26, 26, 17, 185.
27, 27, 16, 457.
28, 28, 79, 453.
29, 29, 98, 480.
30, 30, 70, 290.
31, 31, 11, 186.
32, 32, 41, 317.
33, 33, 37, 266.
34, 34, 71, 132.
35, 35, 4, 188.
36, 36, 44, 488.
37, 37, 80, 5.
38, 38, 81, 485.
39, 39, 94, 309.
40, 40, 43, 25.
41, 41, 31, 465.
42, 42, 57, 279.
43, 43, 89, 253.
44, 44, 41, 378.
45, 45, 43, 39.
46, 46, 54, 14.
47, 47, 52, 424.
48, 48, 7, 306.
49, 49, 44, 65.
50, 50, 10, 284.
51, 51, 43, 28.
52, 52, 70, 325.
53, 53, 25, 293.
54, 54, 29, 444.
55, 55, 8, 232.
56, 56, 24, 106.
57, 57, 58, 314.
58, 58, 72, 268.
59, 59, 64, 213.
60, 60, 50, 163.
61, 61, 83, 129.
62, 62, 31, 141.
63, 63, 65, 474.
64, 64, 89, 300.
65, 65, 57, 88.
66, 66, 58, 385.
67, 67, 4, 184.
68, 68, 39, 30.
69, 69, 9, 354.
70, 70, 95, 66.
71, 71, 69, 181.
72, 72, 8, 472.
73, 73, 39, 473.
74, 74, 91, 175.
75, 75, 91, 336.
76, 76, 17, 146.
77, 77, 57, 167.
78, 78, 25, 419.
79, 79, 39, 24.
80, 80, 91, 333.
81, 81, 55, 204.
82, 82, 96, 67.
83, 83, 69, 117.
84, 84, 69, 258.
85, 85, 30, 412.
86, 86, 68, 413.
87, 87, 53, 460.
88, 88, 40, 418.
89, 89, 88, 453.
90, 90, 91, 321.
91, 91, 69, 138.
92, 92, 38, 86.
93, 93, 2, 294.
94, 94, 54, 108.
95, 95, 5, 160.
96, 96, 57, 363.
97, 97, 8, 236.
98, 98, 21, 392.
99, 99, 60, 486.
100, 100, 15, 452.
101, 101, 4, 81.
102, 102, 68, 224.
103, 103, 60, 404.
104, 104, 80, 135.
105, 105, 74, 347.
106, 106, 19, 104.
107, 107, 38, 408.
108, 108, 49, 26.
109, 109, 76, 178.
110, 110, 64, 384.
111, 111, 74, 116.
112, 112, 82, 34.
113, 113, 42, 153.
114, 114, 23, 68.
115, 115, 32, 122.
116, 116, 7, 200.
117, 117, 29, 315.
118, 118, 80, 392.
119, 119, 29, 28.
120, 120, 63, 12.
121, 121, 48, 314.
122, 122, 91, 163.
123, 123, 31, 469.
124, 124, 41, 435.
125, 125, 35, 301.
126, 126, 8, 236.
127, 127, 8, 321.
128, 128, 97, 29.
129, 129, 57, 460.
130, 130, 17, 238.
131, 131, 37, 399.
132, 132, 38, 135.
133, 133, 51, 455.
134, 134, 78, 449.
135, 135, 49, 282.
136, 136, 9, 178.
137, 137, 50, 472.
138, 138, 45, 481.
139, 139, 39, 429.
140, 140, 74, 346.
141, 141, 65, 295.
142, 142, 7, 481.
143, 143, 79, 449.
144, 144, 99, 95.
145, 145, 99, 334.
146, 146, 94, 6.
147, 147, 81, 348.
148, 148, 82, 144.
149, 149, 36, 204.
150, 150, 92, 26.
151, 151, 31, 427.
152, 152, 42, 330.
153, 153, 61, 222.
154, 154, 98, 48.
155, 155, 95, 158.
156, 156, 36, 360.
157, 157, 23, 203.
158, 158, 21, 311.
159, 159, 44, 480.
160, 160, 100, 194.
161, 161, 88, 386.
162, 162, 50, 421.
163, 163, 1, 203.
164, 164, 77, 312.
165, 165, 42, 39.
166, 166, 33, 364.
167, 167, 99, 167.
168, 168, 65, 332.
169, 169, 71, 359.
170, 170, 47, 220.
171, 171, 46, 380.
172, 172, 23, 469.
173, 173, 17, 47.
174, 174, 96, 75.
175, 175, 98, 260.
176, 176, 56, 357.
177, 177, 60, 301.
178, 178, 29, 227.
179, 179, 67, 453.
180, 180, 55, 267.
181, 181, 75, 467.
182, 182, 28, 191.
183, 183, 49, 336.
184, 184, 74, 136.
185, 185, 92, 400.
186, 186, 92, 462.
187, 187, 78, 377.
188, 188, 49, 449.
189, 189, 74, 83.
190, 190, 30, 265.
191, 191, 90, 171.
192, 192, 63, 385.
193, 193, 67, 148.
194, 194, 38, 182.
195, 195, 19, 307.
196, 196, 31, 87.
197, 197, 65, 247.
198, 198, 24, 430.
199, 199, 86, 382.
200, 200, 93, 148.
201, 201, 46, 365.
202, 202, 65, 243.
203, 203, 22, 306.
204, 204, 58, 406.
205, 205, 63, 102.
206, 206, 76, 186.
207, 207, 71, 439.
208, 208, 80, 283.
209, 209, 67, 346.
210, 210, 93, 212.
211, 211, 30, 190.
212, 212, 95, 82.
213, 213, 52, 177.
214, 214, 77, 296.
215, 215, 31, 456.
216, 216, 82, 148.
217, 217, 58, 183.
218, 218, 36, 224.
219, 219, 49, 384.
220, 220, 12, 253.
221, 221, 76, 261.
222, 222, 19, 445.
223, 223, 5, 328.
224, 224, 87, 363.
225, 225, 95, 226.
226, 226, 86, 361.
227, 227, 78, 303.
228, 228, 40, 321.
229, 229, 16, 163.
230, 230, 23, 236.
231, 231, 17, 40.
232, 232, 67, 18.
233, 233, 42, 130.
234, 234, 51, 175.
235, 235, 56, 183.
236, 236, 65, 211.
237, 237, 64, 323.
238, 238, 4, 424.
239, 239, 78, 201.
240, 240, 5, 229.
241, 241, 53, 139.
242, 242, 46, 313.
243, 243, 21, 410.
244, 244, 54, 420.
245, 245, 71, 225.
246, 246, 56, 21.
247, 247, 70, 60.
248, 248, 25, 152.
249, 249, 19, 457.
250, 250, 76, 416.
251, 251, 71, 410.
252, 252, 38, 268.
253, 253, 2, 173.
254, 254, 14, 360.
255, 255, 81, 263.
256, 256, 49, 104.
257, 257, 90, 176.
258, 258, 80, 427.
259, 259, 23, 295.
260, 260, 52, 442.
261, 261, 34, 408.
262, 262, 73, 10.
263, 263, 29, 281.
264, 264, 65, 243.
265, 265, 74, 249.
266, 266, 10, 375.
267, 267, 75, 255.
268, 268, 3, 72.
269, 269, 37, 373.
270, 270, 63, 246.
271, 271, 58, 36.
272, 272, 6, 353.
273, 273, 41, 423.
274, 274, 72, 349.
275, 275, 80, 1.
276, 276, 33, 21.
277, 277, 31, 296.
278, 278, 7, 285.
279, 279, 98, 284.
280, 280, 60, 410.
281, 281, 74, 217.
282, 282, 47, 389.
283, 283, 77, 336.
284, 284, 45, 154.
285, 285, 78, 204.
286, 286, 67, 153.
287, 287, 47, 265.
288, 288, 16, 444.
289, 289, 22, 305.
290, 290, 66, 133.
291, 291, 84, 153.
292, 292, 10, 382.
293, 293, 94, 212.
294, 294, 27, 44.
295, 295, 34, 456.
296, 296, 76, 48.
297, 297, 72, 399.
298, 298, 10, 38.
299, 299, 86, 249.
300, 300, 36, 263.
301, 301, 68, 404.
302, 302, 90, 313.
303, 303, 80, 434.
304, 304, 24, 412.
305, 305, 23, 382.
306, 306, 1, 167.
307, 307, 29, 404.
308, 308, 35, 487.
309, 309, 48, 241.
310, 310, 88, 44.
311, 311, 70, 351.
312, 312, 90, 320.
313, 313, 89, 297.
314, 314, 51, 237.
315, 315, 16, 121.
316, 316, 61, 272.
317, 317, 4, 212.
318, 318, 49, 452.
319, 319, 3, 407.
320, 320, 56, 469.
321, 321, 16, 285.
322, 322, 69, 338.
323, 323, 15, 455.
324, 324, 44, 379.
325, 325, 80, 361.
326, 326, 31, 200.
327, 327, 71, 199.
328, 328, 19, 327.
329, 329, 15, 54.
330, 330, 11, 75.
331, 331, 89, 202.
332, 332, 7, 98.
333, 333, 93, 368.
334, 334, 12, 170.
335, 335, 99, 459.
336, 336, 34, 32.
337, 337, 21, 405.
338, 338, 68, 106.
339, 339, 8, 334.
340, 340, 20, 207.
341, 341, 81, 338.
342, 342, 54, 404.
343, 343, 100, 313.
344, 344, 46, 404.
345, 345, 29, 19.
346, 346, 48, 333.
347, 347, 69, 22.
348, 348, 62, 434.
349, 349, 72, 1.
350, 350, 90, 240.
351, 351, 4, 263.
352, 352, 14, 37.
353, 353, 64, 4.
354, 354, 95, 41.
355, 355, 38, 229.
356, 356, 24, 17.
357, 357, 8, 119.
358, 358, 81, 310.
359, 359, 95, 390.
360, 360, 27, 97.
361, 361, 29, 290.
362, 362, 24, 56.
363, 363, 37, 173.
364, 364, 15, 364.
365, 365, 36, 371.
366, 366, 34, 167.
367, 367, 92, 177.
368, 368, 76, 335.
369, 369, 44, 330.
370, 370, 20, 286.
371, 371, 60, 345.
372, 372, 94, 188.
373, 373, 90, 66.
374, 374, 44, 154.
375, 375, 48, 299.
376, 376, 35, 232.
377, 377, 41, 144.
378, 378, 5, 476.
379, 379, 88, 82.
380, 380, 20, 396.
381, 381, 78, 145.
382, 382, 20, 254.
383, 383, 31, 45.
384, 384, 46, 66.
385, 385, 59, 478.
386, 386, 30, 353.
387, 387, 27, 152.
388, 388, 65, 36.
389, 389, 2, 191.
390, 390, 74, 115.
391, 391, 8, 31.
392, 392, 54, 200.
393, 393, 24, 38.
394, 394, 4, 129.
395, 395, 56, 106.
396, 396, 82, 125.
397, 397, 66, 7.
398, 398, 23, 430.
399, 399, 54, 38.
400, 400, 54, 212.
401, 401, 56, 81.
402, 402, 84, 449.
403, 403, 37, 77.
404, 404, 29, 282.
405, 405, 5, 27.
406, 406, 7, 481.
407, 407, 20, 421.
408, 408, 50, 227.
409, 409, 86, 458.
410, 410, 7, 363.
411, 411, 100, 288.
412, 412, 29, 459.
413, 413, 23, 109.
414, 414, 75, 38.
415, 415, 65, 242.
416, 416, 66, 351.
417, 417, 52, 103.
418, 418, 79, 57.
419, 419, 63, 420.
420, 420, 28, 251.
421, 421, 82, 164.
422, 422, 70, 419.
423, 423, 18, 81.
424, 424, 57, 157.
425, 425, 23, 168.
426, 426, 8, 415.
427, 427, 44, 392.
428, 428, 32, 345.
429, 429, 76, 454.
430, 430, 49, 461.
431, 431, 80, 156.
432, 432, 64, 8.
433, 433, 55, 80.
434, 434, 77, 407.
435, 435, 9, 69.
436, 436, 11, 119.
437, 437, 16, 314.
438, 438, 16, 320.
439, 439, 29, 416.
440, 440, 82, 466.
441, 441, 14, 39.
442, 442, 26, 302.
443, 443, 72, 343.
444, 444, 17, 110.
445, 445, 99, 288.
446, 446, 42, 263.
447, 447, 84, 398.
448, 448, 38, 185.
449, 449, 25, 324.
450, 450, 28, 68.
451, 451, 93, 376.
452, 452, 26, 451.
453, 453, 3, 196.
454, 454, 98, 34.
455, 455, 30, 180.
456, 456, 83, 289.
457, 457, 90, 273.
458, 458, 96, 75.
459, 459, 84, 412.
460, 460, 53, 20.
461, 461, 42, 53.
462, 462, 46, 185.
463, 463, 51, 266.
464, 464, 71, 46.
465, 465, 63, 325.
466, 466, 65, 201.
467, 467, 70, 482.
468, 468, 82, 50.
469, 469, 37, 354.
470, 470, 38, 129.
471, 471, 94, 320.
472, 472, 79, 46.
473, 473, 71, 253.
474, 474, 81, 387.
475, 475, 87, 6.
476, 476, 52, 272.
477, 477, 82, 14.
478, 478, 26, 48.
479, 479, 50, 403.
480, 480, 35, 301.
481, 481, 39, 435.
482, 482, 72, 201.
483, 483, 16, 203.
484, 484, 44, 12.
485, 485, 36, 353.
486, 486, 59, 248.
487, 487, 55, 453.
488, 488, 12, 333.
489, 489, 40, 55.
490, 490, 20, 119.
491, 491, 18, 107.
492, 492, 64, 21.
493, 493, 92, 406.
494, 494, 52, 376.
495, 495, 80, 173.
496, 496, 79, 271.
497, 497, 58, 302.
498, 498, 56, 385.
499, 499, 72, 476.
500, 500, 30, 184.
501, 501, 19, 294.
502, 502, 51, 219.
503, 503, 71, 443.
504, 504, 75, 240.
505, 505, 52, 461.
506, 506, 29, 5.
507, 507, 29, 452.
508, 508, 11, 340.
509, 509, 82, 416.
510, 510, 30, 242.
511, 511, 48, 157.
512, 512, 80, 242.
513, 513, 85, 257.
514, 514, 6, 285.
515, 515, 90, 434.
516, 516, 95, 429.
517, 517, 59, 43.
518, 518, 65, 107.
519, 519, 91, 416.
520, 520, 15, 155.
521, 521, 35, 285.
522, 522, 34, 327.
523, 523, 14, 395.
524, 524, 40, 167.
525, 525, 60, 321.
526, 526, 79, 470.
527, 527, 58, 16.
528, 528, 41, 28.
529, 529, 80, 260.
530, 530, 45, 402.
531, 531, 78, 399.
532, 532, 68, 166.
533, 533, 17, 467.
534, 534, 74, 278.
535, 535, 72, 75.
536, 536, 61, 252.
537, 537, 36, 279.
538, 538, 45, 27.
539, 539, 35, 30.
540, 540, 56, 430.
541, 541, 92, 334.
542, 542, 96, 457.
543, 543, 86, 268.
544, 544, 44, 478.
545, 545, 63, 1.
546, 546, 76, 6.
547, 547, 26, 165.
548, 548, 16, 441.
549, 549, 93, 146.
550, 550, 51, 39.
551, 551, 92, 254.
552, 552, 46, 422.
553, 553, 41, 123.
554, 554, 34, 252.
555, 555, 71, 453.
556, 556, 87, 122.
557, 557, 71, 395.
558, 558, 92, 214.
559, 559, 55, 203.
560, 560, 21, 361.
561, 561, 49, 3.
562, 562, 19, 343.
563, 563, 51, 380.
564, 564, 6, 382.
565, 565, 85, 25.
566, 566, 17, 337.
567, 567, 66, 73.
568, 568, 35, 73.
569, 569, 84, 427.
570, 570, 30, 12.
571, 571, 33, 333.
572, 572, 30, 360.
573, 573, 68, 92.
574, 574, 56, 114.
575, 575, 88, 483.
576, 576, 29, 464.
577, 577, 94, 164.
578, 578, 67, 24.
579, 579, 21, 160.
580, 580, 80, 232.
581, 581, 58, 81.
582, 582, 100, 106.
583, 583, 29, 299.
584, 584, 98, 455.
585, 585, 75, 131.
586, 586, 100, 273.
587, 587, 82, 124.
588, 588, 15, 105.
589, 589, 95, 351.
590, 590, 30, 384.
591, 591, 79, 206.
592, 592, 28, 34.
593, 593, 32, 411.
594, 594, 64, 306.
595, 595, 94, 148.
596, 596, 18, 240.
597, 597, 69, 2.
598, 598, 84, 31.
599, 599, 18, 187.
600, 600, 21, 216.
601, 601, 27, 446.
602, 602, 34, 401.
603, 603, 47, 176.
604, 604, 32, 422.
605, 605, 21, 316.
606, 606, 28, 208.
607, 607, 2, 181.
608, 608, 26, 70.
609, 609, 66, 427.
610, 610, 33, 390.
611, 611, 77, 81.
612, 612, 55, 47.
613, 613, 99, 46.
614, 614, 28, 190.
615, 615, 80, 436.
616, 616, 100, 66.
617, 617, 48, 65.
618, 618, 95, 26.
619, 619, 70, 235.
620, 620, 87, 334.
621, 621, 84, 69.
622, 622, 27, 79.
623, 623, 99, 413.
624, 624, 68, 95.
625, 625, 48, 173.
626, 626, 8, 432.
627, 627, 80, 285.
628, 628, 75, 468.
629, 629, 4, 431.
630, 630, 43, 361.
631, 631, 30, 283.
632, 632, 51, 485.
633, 633, 10, 133.
634, 634, 92, 125.
635, 635, 62, 56.
636, 636, 2, 297.
637, 637, 93, 190.
638, 638, 22, 27.
639, 639, 67, 71.
640, 640, 73, 5.
641, 641, 81, 60.
642, 642, 80, 162.
643, 643, 2, 118.
644, 644, 76, 80.
645, 645, 87, 28.
646, 646, 82, 75.
647, 647, 67, 364.
648, 648, 30, 154.
649, 649, 11, 326.
650, 650, 91, 265.
651, 651, 36, 133.
652, 652, 78, 335.
653, 653, 86, 31.
654, 654, 57, 9.
655, 655, 12, 430.
656, 656, 48, 118.
657, 657, 24, 264.
658, 658, 95, 332.
659, 659, 44, 462.
660, 660, 61, 440.
661, 661, 9, 370.
662, 662, 92, 124.
663, 663, 40, 413.
664, 664, 93, 336.
665, 665, 100, 363.
666, 666, 80, 244.
667, 667, 56, 434.
668, 668, 54, 477.
669, 669, 31, 3.
670, 670, 63, 77.
671, 671, 91, 206.
672, 672, 60, 210.
673, 673, 74, 92.
674, 674, 23, 357.
675, 675, 48, 7.
676, 676, 12, 449.
677, 677, 46, 324.
678, 678, 71, 233.
679, 679, 11, 180.
680, 680, 18, 185.
681, 681, 29, 327.
682, 682, 35, 152.
683, 683, 97, 170.
684, 684, 58, 77.
685, 685, 17, 429.
686, 686, 100, 323.
687, 687, 73, 178.
688, 688, 100, 192.
689, 689, 99, 94.
690, 690, 63, 201.
691, 691, 29, 107.
692, 692, 78, 44.
693, 693, 32, 218.
694, 694, 63, 224.
695, 695, 23, 211.
696, 696, 92, 213.
697, 697, 58, 144.
698, 698, 98, 354.
699, 699, 38, 308.
700, 700, 74, 237.
701, 701, 34, 56.
702, 702, 98, 180.
703, 703, 71, 380.
704, 704, 36, 102.
705, 705, 27, 266.
706, 706, 37, 351.
707, 707, 53, 103.
708, 708, 50, 16.
709, 709, 21, 128.
710, 710, 64, 372.
711, 711, 30, 111.
712, 712, 57, 182.
713, 713, 7, 82.
714, 714, 77, 480.
715, 715, 49, 184.
716, 716, 68, 89.
717, 717, 43, 292.
718, 718, 53, 146.
719, 719, 38, 272.
720, 720, 61, 71.
721, 721, 69, 395.
722, 722, 16, 235.
723, 723, 40, 371.
724, 724, 13, 315.
725, 725, 21, 138.
726, 726, 25, 3.
727, 727, 21, 122.
728, 728, 41, 479.
729, 729, 52, 122.
730, 730, 75, 370.
731, 731, 63, 291.
732, 732, 43, 46.
733, 733, 86, 235.
734, 734, 91, 61.
735, 735, 51, 223.
736, 736, 48, 160.
737, 737, 35, 72.
738, 738, 26, 451.
739, 739, 81, 193.
740, 740, 7, 383.
741, 741, 9, 462.
742, 742, 21, 305.
743, 743, 75, 266.
744, 744, 50, 362.
745, 745, 15, 430.
746, 746, 67, 227.
747, 747, 46, 165.
748, 748, 93, 405.
749, 749, 78, 258.
750, 750, 70, 342.
751, 751, 80, 30.
752, 752, 92, 453.
753, 753, 91, 202.
754, 754, 83, 187.
755, 755, 61, 132.
756, 756, 97, 235.
757, 757, 95, 250.
758, 758, 33, 87.
759, 759, 29, 217.
760, 760, 38, 297.
761, 761, 36, 169.
762, 762, 18, 174.
763, 763, 47, 115.
764, 764, 91, 426.
765, 765, 34, 169.
766, 766, 45, 57.
767, 767, 28, 179.
768, 768, 2, 273.
769, 769, 20, 377.
770, 770, 16, 154.
771, 771, 9, 193.
772, 772, 23, 132.
773, 773, 13, 261.
774, 774, 75, 243.
775, 775, 68, 125.
776, 776, 64, 180.
777, 777, 51, 370.
778, 778, 9, 70.
779, 779, 19, 325.
780, 780, 81, 368.
781, 781, 14, 249.
782, 782, 3, 259.
783, 783, 52, 382.
784, 784, 49, 179.
785, 785, 91, 185.
786, 786, 96, 104.
787, 787, 87, 35.
788, 788, 80, 265.
789, 789, 37, 458.
790, 790, 47, 142.
791, 791, 74, 105.
792, 792, 18, 312.
793, 793, 45, 434.
794, 794, 91, 390.
795, 795, 39, 10.
796, 796, 47, 212.
797, 797, 97, 347.
798, 798, 2, 428.
799, 799, 43, 147.
800, 800, 66, 299.
801, 801, 64, 161.
802, 802, 91, 62.
803, 803, 51, 100.
804, 804, 68, 180.
805, 805, 75, 66.
806, 806, 17, 100.
807, 807, 93, 257.
808, 808, 76, 315.
809, 809, 81, 199.
810, 810, 90, 76.
811, 811, 77, 26.
812, 812, 34, 433.
813, 813, 70, 296.
814, 814, 38, 203.
815, 815, 76, 424.
816, 816, 11, 238.
817, 817, 85, 10.
818, 818, 26, 347.
819, 819, 62, 350.
820, 820, 24, 424.
821, 821, 17, 44.
822, 822, 5, 2.
823, 823, 25, 4.
824, 824, 84, 172.
825, 825, 68, 67.
826, 826, 75, 136.
827, 827, 99, 262.
828, 828, 98, 38.
829, 829, 30, 127.
830, 830, 61, 442.
831, 831, 81, 216.
832, 832, 55, 422.
833, 833, 39, 71.
834, 834, 55, 191.
835, 835, 56, 281.
836, 836, 21, 144.
837, 837, 79, 75.
838, 838, 42, 76.
839, 839, 85, 381.
840, 840, 66, 148.
841, 841, 86, 431.
842, 842, 28, 290.
843, 843, 86, 415.
844, 844, 86, 386.
845, 845, 37, 345.
846, 846, 72, 328.
847, 847, 93, 127.
848, 848, 62, 214.
849, 849, 19, 126.
850, 850, 34, 345.
851, 851, 53, 388.
852, 852, 69, 111.
853, 853, 68, 328.
854, 854, 100, 171.
855, 855, 31, 94.
856, 856, 55, 45.
857, 857, 43, 148.
858, 858, 78, 477.
859, 859, 83, 2.
860, 860, 27, 322.
861, 861, 98, 312.
862, 862, 12, 223.
863, 863, 32, 355.
864, 864, 33, 433.
865, 865, 28, 322.
866, 866, 84, 323.
867, 867, 98, 429.
868, 868, 23, 482.
869, 869, 17, 145.
870, 870, 35, 187.
871, 871, 21, 317.
872, 872, 64, 327.
873, 873, 26, 213.
874, 874, 85, 440.
875, 875, 22, 135.
876, 876, 13, 370.
877, 877, 71, 158.
878, 878, 17, 359.
879, 879, 33, 355.
880, 880, 91, 5.
881, 881, 98, 317.
882, 882, 9, 399.
883, 883, 94, 471.
884, 884, 28, 23.
885, 885, 43, 156.
886, 886, 73, 135.
887, 887, 4, 161.
888, 888, 16, 37.
889, 889, 62, 133.
890, 890, 26, 189.
891, 891, 8, 183.
892, 892, 17, 152.
893, 893, 71, 36.
894, 894, 73, 89.
895, 895, 58, 318.
896, 896, 15, 408.
897, 897, 70, 225.
898, 898, 100, 479.
899, 899, 7, 339.
900, 900, 64, 82.
901, 901, 27, 193.
902, 902, 93, 39.
903, 903, 88, 287.
904, 904, 54, 402.
905, 905, 27, 77.
906, 906, 3, 142.
907, 907, 75, 351.
908, 908, 56, 56.
909, 909, 77, 439.
910, 910, 10, 181.
911, 911, 95, 51.
912, 912, 40, 113.
913, 913, 66, 53.
914, 914, 34, 164.
915, 915, 41, 121.
916, 916, 42, 82.
917, 917, 86, 346.
918, 918, 28, 145.
919, 919, 95, 172.
920, 920, 81, 43.
921, 921, 79, 381.
922, 922, 3, 46.
923, 923, 13, 133.
924, 924, 59, 259.
925, 925, 84, 343.
926, 926, 90, 368.
927, 927, 17, 255.
928, 928, 85, 254.
929, 929, 98, 132.
930, 930, 91, 471.
931, 931, 87, 89.
932, 932, 17, 372.
933, 933, 3, 221.
934, 934, 83, 175.
935, 935, 57, 351.
936, 936, 62, 167.
937, 937, 64, 59.
938, 938, 30, 370.
939, 939, 17, 150.
940, 940, 28, 343.
941, 941, 80, 278.
942, 942, 49, 325.
943, 943, 76, 128.
944, 944, 46, 282.
945, 945, 78, 217.
946, 946, 18, 261.
947, 947, 10, 425.
948, 948, 66, 188.
949, 949, 83, 468.
950, 950, 58, 390.
951, 951, 30, 217.
952, 952, 80, 250.
953, 953, 79, 321.
954, 954, 71, 89.
955, 955, 81, 332.
956, 956, 51, 442.
957, 957, 12, 169.
958, 958, 8, 326.
959, 959, 20, 34.
960, 960, 85, 95.
961, 961, 89, 299.
962, 962, 29, 304.
963, 963, 17, 399.
964, 964, 34, 317.
965, 965, 22, 380.
966, 966, 44, 13.
967, 967, 68, 250.
968, 968, 62, 481.
969, 969, 95, 189.
970, 970, 62, 353.
971, 971, 85, 134.
972, 972, 17, 431.
973, 973, 82, 289.
974, 974, 39, 117.
975, 975, 94, 267.
976, 976, 10, 213.
977, 977, 68, 441.
978, 978, 83, 16.
979, 979, 98, 152.
980, 980, 83, 139.
981, 981, 39, 388.
982, 982, 61, 148.
983, 983, 74, 10.
984, 984, 17, 29.
985, 985, 71, 281.
986, 986, 86, 326.
987, 987, 57, 262.
988, 988, 20, 335.
989, 989, 87, 131.
990, 990, 10, 180.
991, 991, 12, 51.
992, 992, 97, 378.
993, 993, 98, 456.
994, 994, 79, 396.
995, 995, 63, 125.
996, 996, 17, 480.
997, 997, 81, 213.
998, 998, 36, 306.
999, 999, 76, 258.
1000, 1000, 15, 301.
1001, 1001, 40, 163.
1002, 1002, 42, 412.
1003, 1003, 4, 368.
1004, 1004, 90, 368.
1005, 1005, 33, 321.
1006, 1006, 55, 179.
1007, 1007, 74, 197.
1008, 1008, 28, 124.
1009, 1009, 49, 272.
1010, 1010, 98, 236.
1011, 1011, 61, 242.
1012, 1012, 28, 448.
1013, 1013, 32, 246.
1014, 1014, 90, 269.
1015, 1015, 4, 144.
1016, 1016, 28, 121.
1017, 1017, 45, 62.
1018, 1018, 86, 393.
1019, 1019, 49, 196.
1020, 1020, 51, 4.
1021, 1021, 51, 35.
1022, 1022, 20, 158.
1023, 1023, 31, 312.
1024, 1024, 53, 311.
1025, 1025, 21, 304.
1026, 1026, 64, 447.
1027, 1027, 66, 38.
1028, 1028, 59, 460.
1029, 1029, 71, 328.
1030, 1030, 51, 171.
1031, 1031, 62, 152.
1032, 1032, 70, 347.
1033, 1033, 73, 251.
1034, 1034, 2, 219.
1035, 1035, 57, 223.
1036, 1036, 11, 200.
1037, 1037, 62, 138.
1038, 1038, 98, 83.
1039, 1039, 52, 27.
1040, 1040, 20, 9.
1041, 1041, 75, 462.
1042, 1042, 45, 7.
1043, 1043, 44, 96.
1044, 1044, 94, 338.
1045, 1045, 17, 389.
1046, 1046, 68, 220.
1047, 1047, 58, 323.
1048, 1048, 31, 88.
1049, 1049, 23, 479.
1050, 1050, 62, 2.
1051, 1051, 29, 83.
1052, 1052, 76, 441.
1053, 1053, 72, 118.
1054, 1054, 18, 254.
1055, 1055, 52, 30.
1056, 1056, 94, 459.
1057, 1057, 29, 160.
1058, 1058, 19, 369.
1059, 1059, 100, 321.
1060, 1060, 35, 50.
1061, 1061, 78, 390.
1062, 1062, 50, 240.
1063, 1063, 15, 63.
1064, 1064, 70, 261.
1065, 1065, 56, 207.
1066, 1066, 18, 225.
1067, 1067, 36, 29.
1068, 1068, 85, 420.
1069, 1069, 87, 237.
1070, 1070, 43, 182.
1071, 1071, 60, 203.
1072, 1072, 99, 222.
1073, 1073, 89, 161.
1074, 1074, 12, 229.
1075, 1075, 47, 281.
1076, 1076, 98, 466.
1077, 1077, 56, 361.
1078, 1078, 59, 104.
1079, 1079, 8, 36.
1080, 1080, 73, 81.
1081, 1081, 29, 343.
1082, 1082, 27, 35.
1083, 1083, 79, 347.
1084, 1084, 86, 36.
1085, 1085, 10, 295.
1086, 1086, 64, 249.
1087, 1087, 91, 329.
1088, 1088, 29, 33.
1089, 1089, 19, 378.
1090, 1090, 89, 379.
1091, 1091, 57, 277.
1092, 1092, 79, 129.
1093, 1093, 34, 100.
1094, 1094, 57, 43.
1095, 1095, 9, 407.
1096, 1096, 38, 395.
1097, 1097, 49, 275.
1098, 1098, 78, 318.
1099, 1099, 49, 359.
1100, 1100, 91, 45.
1101, 1101, 94, 21.
1102, 1102, 7, 183.
1103, 1103, 12, 366.
1104, 1104, 35, 225.
1105, 1105, 53, 61.
1106, 1106, 42, 152.
1107, 1107, 74, 452.
1108, 1108, 95, 111.
1109, 1109, 5, 208.
1110, 1110, 88, 294.
1111, 1111, 33, 73.
1112, 1112, 48, 80.
1113, 1113, 70, 194.
1114, 1114, 48, 266.
1115, 1115, 37, 421.
1116, 1116, 81, 91.
1117, 1117, 19, 268.
1118, 1118, 86, 316.
1119, 1119, 60, 446.
1120, 1120, 8, 2.
1121, 1121, 32, 4.
1122, 1122, 37, 106.
1123, 1123, 42, 97.
1124, 1124, 96, 253.
1125, 1125, 20, 429.
1126, 1126, 37, 290.
1127, 1127, 35, 432.
1128, 1128, 50, 161.
1129, 1129, 87, 46.
1130, 1130, 73, 28.
1131, 1131, 3, 41.
1132, 1132, 81, 166.
1133, 1133, 6, 456.
1134, 1134, 12, 149.
1135, 1135, 61, 115.
1136, 1136, 69, 487.
1137, 1137, 60, 409.
1138, 1138, 53, 124.
1139, 1139, 75, 89.
1140, 1140, 33, 204.
1141, 1141, 87, 422.
1142, 1142, 83, 388.
1143, 1143, 29, 294.
1144, 1144, 87, 207.
1145, 1145, 34, 468.
1146, 1146, 50, 185.
1147, 1147, 70, 255.
1148, 1148, 56, 378.
1149, 1149, 5, 106.
1150, 1150, 63, 281.
1151, 1151, 73, 33.
1152, 1152, 89, 340.
1153, 1153, 4, 336.
1154, 1154, 27, 153.
1155, 1155, 68, 96.
1156, 1156, 51, 193.
1157, 1157, 78, 420.
1158, 1158, 85, 54.
1159, 1159, 21, 299.
1160, 1160, 84, 395.
1161, 1161, 84, 180.
1162, 1162, 35, 110.
1163, 1163, 100, 225.
1164, 1164, 29, 111.
1165, 1165, 16, 364.
1166, 1166, 74, 368.
1167, 1167, 15, 121.
1168, 1168, 30, 94.
1169, 1169, 30, 248.
1170, 1170, 48, 115.
1171, 1171, 46, 126.
1172, 1172, 56, 167.
1173, 1173, 42, 166.
1174, 1174, 99, 148.
1175, 1175, 39, 317.
1176, 1176, 56, 387.
1177, 1177, 11, 156.
1178, 1178, 67, 388.
1179, 1179, 91, 462.
1180, 1180, 8, 164.
1181, 1181, 39, 135.
1182, 1182, 59, 273.
1183, 1183, 19, 317.
1184, 1184, 91, 410.
1185, 1185, 16, 91.
1186, 1186, 13, 445.
1187, 1187, 99, 361.
1188, 1188, 30, 319.
1189, 1189, 10, 69.
1190, 1190, 59, 481.
1191, 1191, 52, 210.
1192, 1192, 19, 120.
1193, 1193, 91, 127.
1194, 1194, 11, 445.
1195, 1195, 76, 341.
1196, 1196, 32, 457.
1197, 1197, 75, 197.
1198, 1198, 60, 33.
1199, 1199, 56, 407.
1200, 1200, 67, 343.
1201, 1201, 16, 31.
1202, 1202, 14, 166.
1203, 1203, 66, 387.
1204, 1204, 76, 182.
1205, 1205, 82, 143.
1206, 1206, 38, 209.
1207, 1207, 90, 416.
1208, 1208, 29, 265.
1209, 1209, 36, 491.
1210, 1210, 18, 273.
1211, 1211, 14, 164.
1212, 1212, 59, 426.
1213, 1213, 16, 425.
1214, 1214, 99, 275.
1215, 1215, 12, 304.
1216, 1216, 71, 437.
1217, 1217, 11, 55.
1218, 1218, 9, 384.
1219, 1219, 79, 322.
1220, 1220, 11, 342.
1221, 1221, 51, 150.
1222, 1222, 98, 232.
1223, 1223, 7, 227.
1224, 1224, 37, 477.
1225, 1225, 15, 273.
1226, 1226, 98, 377.
1227, 1227, 87, 417.
1228, 1228, 3, 260.
1229, 1229, 83, 271.
1230, 1230, 24, 169.
1231, 1231, 13, 486.
1232, 1232, 98, 101.
1233, 1233, 88, 13.
1234, 1234, 13, 299.
1235, 1235, 33, 429.
1236, 1236, 97, 348.
1237, 1237, 49, 39.
1238, 1238, 47, 100.
1239, 1239, 78, 246.
1240, 1240, 88, 118.
1241, 1241, 53, 437.
1242, 1242, 92, 450.
1243, 1243, 17, 325.
1244, 1244, 10, 472.
1245, 1245, 31, 451.
1246, 1246, 96, 393.
1247, 1247, 38, 308.
1248, 1248, 15, 457.
1249, 1249, 70, 426.
1250, 1250, 68, 303.
1251, 1251, 84, 340.
1252, 1252, 10, 83.
1253, 1253, 23, 90.
1254, 1254, 29, 374.
1255, 1255, 33, 271.
1256, 1256, 69, 258.
1257, 1257, 21, 152.
1258, 1258, 76, 318.
1259, 1259, 42, 235.
1260, 1260, 74, 28.
1261, 1261, 76, 143.
1262, 1262, 2, 484.
1263, 1263, 92, 205.
1264, 1264, 12, 87.
1265, 1265, 67, 338.
1266, 1266, 83, 23.
1267, 1267, 34, 483.
1268, 1268, 50, 477.
1269, 1269, 99, 190.
1270, 1270, 61, 111.
1271, 1271, 44, 160.
1272, 1272, 20, 362.
1273, 1273, 68, 461.
1274, 1274, 94, 491.
1275, 1275, 50, 242.
1276, 1276, 60, 3.
1277, 1277, 96, 192.
1278, 1278, 82, 389.
1279, 1279, 19, 273.
1280, 1280, 30, 384.
1281, 1281, 36, 251.
1282, 1282, 14, 258.
1283, 1283, 27, 433.
1284, 1284, 85, 90.
1285, 1285, 85, 46.
1286, 1286, 5, 384.
1287, 1287, 6, 196.
1288, 1288, 51, 440.
1289, 1289, 80, 232.
1290, 1290, 18, 30.
1291, 1291, 95, 313.
1292, 1292, 3, 199.
1293, 1293, 70, 152.
1294, 1294, 54, 371.
1295, 1295, 61, 417.
1296, 1296, 93, 422.
1297, 1297, 93, 171.
1298, 1298, 56, 239.
1299, 1299, 90, 249.
1300, 1300, 23, 184.
1301, 1301, 54, 66.
1302, 1302, 18, 204.
1303, 1303, 38, 73.
1304, 1304, 29, 373.
1305, 1305, 91, 99.
1306, 1306, 17, 243.
1307, 1307, 45, 28.
1308, 1308, 7, 314.
1309, 1309, 4, 463.
1310, 1310, 28, 391.
1311, 1311, 60, 292.
1312, 1312, 9, 458.
1313, 1313, 9, 291.
1314, 1314, 81, 165.
1315, 1315, 54, 255.
1316, 1316, 4, 459.
1317, 1317, 61, 370.
1318, 1318, 76, 290.
1319, 1319, 14, 295.
1320, 1320, 80, 477.
1321, 1321, 62, 308.
1322, 1322, 98, 188.
1323, 1323, 20, 93.
1324, 1324, 79, 451.
1325, 1325, 71, 479.
1326, 1326, 94, 53.
1327, 1327, 16, 346.
1328, 1328, 70, 176.
1329, 1329, 26, 242.
1330, 1330, 50, 461.
1331, 1331, 47, 10.
1332, 1332, 48, 453.
1333, 1333, 52, 483.
1334, 1334, 66, 237.
1335, 1335, 1, 128.
1336, 1336, 7, 314.
1337, 1337, 23, 81.
1338, 1338, 100, 165.
1339, 1339, 78, 3.
1340, 1340, 56, 209.
1341, 1341, 2, 14.
1342, 1342, 73, 405.
1343, 1343, 100, 88.
1344, 1344, 9, 263.
1345, 1345, 52, 157.
1346, 1346, 73, 19.
1347, 1347, 79, 301.
1348, 1348, 46, 473.
1349, 1349, 19, 248.
1350, 1350, 46, 453.
1351, 1351, 64, 431.
1352, 1352, 24, 42.
1353, 1353, 83, 440.
1354, 1354, 26, 348.
1355, 1355, 48, 88.
1356, 1356, 16, 83.
1357, 1357, 100, 299.
1358, 1358, 18, 465.
1359, 1359, 21, 401.
1360, 1360, 85, 187.
1361, 1361, 5, 145.
1362, 1362, 38, 322.
1363, 1363, 37, 54.
1364, 1364, 63, 37.
1365, 1365, 77, 454.
1366, 1366, 47, 271.
1367, 1367, 19, 49.
1368, 1368, 32, 157.
1369, 1369, 58, 115.
1370, 1370, 92, 278.
1371, 1371, 57, 342.
1372, 1372, 40, 178.
1373, 1373, 52, 462.
1374, 1374, 54, 93.
1375, 1375, 71, 135.
1376, 1376, 32, 109.
1377, 1377, 92, 301.
1378, 1378, 62, 409.
1379, 1379, 30, 209.
1380, 1380, 61, 193.
1381, 1381, 56, 109.
1382, 1382, 89, 265.
1383, 1383, 99, 399.
1384, 1384, 13, 301.
1385, 1385, 66, 104.
1386, 1386, 50, 465.
1387, 1387, 86, 364.
1388, 1388, 10, 356.
1389, 1389, 30, 130.
1390, 1390, 69, 490.
1391, 1391, 100, 276.
1392, 1392, 7, 401.
1393, 1393, 59, 166.
1394, 1394, 45, 416.
1395, 1395, 67, 180.
1396, 1396, 90, 84.
1397, 1397, 48, 88.
1398, 1398, 58, 489.
1399, 1399, 25, 373.
1400, 1400, 88, 11.
1401, 1401, 51, 119.
1402, 1402, 17, 52.
1403, 1403, 3, 290.
1404, 1404, 21, 48.
1405, 1405, 68, 65.
1406, 1406, 40, 421.
1407, 1407, 72, 69.
1408, 1408, 72, 207.
1409, 1409, 83, 452.
1410, 1410, 33, 289.
1411, 1411, 50, 124.
1412, 1412, 18, 408.
1413, 1413, 32, 310.
1414, 1414, 40, 96.
1415, 1415, 90, 143.
1416, 1416, 98, 205.
1417, 1417, 61, 290.
1418, 1418, 4, 247.
1419, 1419, 91, 491.
1420, 1420, 80, 74.
1421, 1421, 98, 305.
1422, 1422, 70, 484.
1423, 1423, 57, 248.
1424, 1424, 56, 182.
1425, 1425, 28, 218.
1426, 1426, 14, 268.
1427, 1427, 28, 460.
1428, 1428, 10, 450.
1429, 1429, 82, 284.
1430, 1430, 66, 316.
1431, 1431, 26, 369.
1432, 1432, 87, 465.
1433, 1433, 20, 242.
1434, 1434, 97, 130.
1435, 1435, 9, 86.
1436, 1436, 98, 107.
1437, 1437, 56, 239.
1438, 1438, 43, 157.
1439, 1439, 52, 30.
1440, 1440, 41, 335.
1441, 1441, 11, 238.
1442, 1442, 88, 365.
1443, 1443, 38, 184.
1444, 1444, 59, 114.
1445, 1445, 76, 285.
1446, 1446, 56, 358.
1447, 1447, 11, 137.
1448, 1448, 5, 129.
1449, 1449, 76, 88.
1450, 1450, 21, 268.
1451, 1451, 16, 263.
1452, 1452, 88, 183.
1453, 1453, 23, 470.
1454, 1454, 60, 400.
1455, 1455, 12, 258.
1456, 1456, 18, 129.
1457, 1457, 59, 458.
1458, 1458, 23, 212.
1459, 1459, 100, 410.
1460, 1460, 86, 416.
1461, 1461, 48, 337.
1462, 1462, 30, 12.
1463, 1463, 100, 251.
1464, 1464, 57, 282.
1465, 1465, 75, 17.
1466, 1466, 13, 378.
1467, 1467, 14, 356.
1468, 1468, 8, 268.
1469, 1469, 27, 199.
1470, 1470, 90, 269.
1471, 1471, 77, 326.
1472, 1472, 61, 171.
1473, 1473, 39, 129.
1474, 1474, 20, 378.
1475, 1475, 76, 183.
1476, 1476, 73, 266.
1477, 1477, 30, 358.
1478, 1478, 24, 113.
1479, 1479, 56, 140.
1480, 1480, 58, 133.
1481, 1481, 15, 81.
1482, 1482, 90, 231.
1483, 1483, 14, 274.
1484, 1484, 100, 289.
1485, 1485, 1, 133.
1486, 1486, 21, 438.
1487, 1487, 76, 93.
1488, 1488, 4, 101.
1489, 1489, 100, 490.
1490, 1490, 93, 427.
1491, 1491, 12, 64.
1492, 1492, 39, 383.
1493, 1493, 7, 106.
1494, 1494, 17, 178.
1495, 1495, 48, 38.
1496, 1496, 34, 465.
1497, 1497, 7, 434.
1498, 1498, 82, 383.
1499, 1499, 54, 329.
1500, 1500, 38, 482.
1501, 1501, 6, 423.
1502, 1502, 52, 395.
1503, 1503, 16, 72.
1504, 1504, 63, 278.
1505, 1505, 63, 386.
1506, 1506, 64, 482.
1507, 1507, 45, 155.
1508, 1508, 54, 48.
1509, 1509, 63, 374.
1510, 1510, 74, 409.
1511, 1511, 23, 125.
1512, 1512, 75, 161.
1513, 1513, 100, 447.
1514, 1514, 49, 304.
1515, 1515, 23, 492.
1516, 1516, 83, 443.
1517, 1517, 57, 119.
1518, 1518, 79, 18.
1519, 1519, 80, 167.
1520, 1520, 47, 28.
1521, 1521, 30, 29.
1522, 1522, 11, 402.
1523, 1523, 26, 399.
1524, 1524, 75, 355.
1525, 1525, 78, 213.
1526, 1526, 12, 323.
1527, 1527, 39, 69.
1528, 1528, 71, 60.
1529, 1529, 10, 394.
1530, 1530, 28, 7.
1531, 1531, 44, 203.
1532, 1532, 90, 415.
1533, 1533, 39, 127.
1534, 1534, 100, 75.
1535, 1535, 72, 24.
1536, 1536, 98, 204.
1537, 1537, 54, 409.
1538, 1538, 1, 402.
1539, 1539, 87, 148.
1540, 1540, 52, 379.
1541, 1541, 10, 265.
1542, 1542, 76, 166.
1543, 1543, 79, 42.
1544, 1544, 45, 354.
1545, 1545, 51, 419.
1546, 1546, 2, 318.
1547, 1547, 30, 12.
1548, 1548, 80, 426.
1549, 1549, 84, 206.
1550, 1550, 63, 411.
1551, 1551, 32, 178.
1552, 1552, 7, 289.
1553, 1553, 74, 291.
1554, 1554, 48, 390.
1555, 1555, 10, 428.
1556, 1556, 94, 362.
1557, 1557, 74, 415.
1558, 1558, 2, 123.
1559, 1559, 67, 19.
1560, 1560, 95, 108.
1561, 1561, 21, 121.
1562, 1562, 24, 193.
1563, 1563, 86, 7.
1564, 1564, 97, 13.
1565, 1565, 49, 121.
1566, 1566, 36, 332.
1567, 1567, 92, 415.
1568, 1568, 54, 201.
1569, 1569, 68, 487.
1570, 1570, 96, 432.
1571, 1571, 34, 246.
1572, 1572, 31, 116.
1573, 1573, 83, 21.
1574, 1574, 89, 85.
1575, 1575, 85, 391.
1576, 1576, 99, 490.
1577, 1577, 2, 372.
1578, 1578, 23, 457.
1579, 1579, 12, 249.
1580, 1580, 14, 288.
1581, 1581, 72, 168.
1582, 1582, 86, 188.
1583, 1583, 60, 184.
1584, 1584, 56, 301.
1585, 1585, 30, 192.
1586, 1586, 53, 155.
1587, 1587, 18, 441.
1588, 1588, 14, 83.
1589, 1589, 77, 207.
1590, 1590, 15, 485.
1591, 1591, 16, 283.
1592, 1592, 12, 405.
1593, 1593, 68, 452.
1594, 1594, 28, 85.
1595, 1595, 79, 428.
1596, 1596, 78, 372.
1597, 1597, 58, 312.
1598, 1598, 67, 237.
1599, 1599, 37, 127.
1600, 1600, 21, 133.
1601, 1601, 65, 70.
1602, 1602, 21, 481.
1603, 1603, 19, 192.
1604, 1604, 84, 31.
1605, 1605, 36, 164.
1606, 1606, 28, 11.
1607, 1607, 20, 419.
1608, 1608, 60, 301.
1609, 1609, 87, 69.
1610, 1610, 28, 303.
1611, 1611, 79, 228.
1612, 1612, 64, 454.
1613, 1613, 92, 472.
1614, 1614, 96, 40.
1615, 1615, 61, 309.
1616, 1616, 33, 111.
1617, 1617, 44, 305.
1618, 1618, 6, 335.
1619, 1619, 78, 132.
1620, 1620, 96, 159.
1621, 1621, 59, 181.
1622, 1622, 71, 244.
1623, 1623, 71, 103.
1624, 1624, 6, 421.
1625, 1625, 91, 199.
1626, 1626, 49, 241.
1627, 1627, 73, 150.
1628, 1628, 21, 429.
1629, 1629, 96, 260.
1630, 1630, 10, 10.
1631, 1631, 91, 133.
1632, 1632, 7, 145.
1633, 1633, 100, 276.
1634, 1634, 39, 114.
1635, 1635, 3, 35.
1636, 1636, 45, 329.
1637, 1637, 14, 2.
1638, 1638, 96, 302.
1639, 1639, 69, 106.
1640, 1640, 63, 5.
1641, 1641, 66, 212.
1642, 1642, 28, 56.
1643, 1643, 43, 289.
1644, 1644, 59, 435.
1645, 1645, 81, 134.
1646, 1646, 92, 259.
1647, 1647, 9, 123.
1648, 1648, 58, 481.
1649, 1649, 72, 468.
1650, 1650, 14, 319.
1651, 1651, 44, 42.
1652, 1652, 79, 232.
1653, 1653, 56, 177.
1654, 1654, 9, 254.
1655, 1655, 79, 268.
1656, 1656, 74, 145.
1657, 1657, 13, 481.
1658, 1658, 70, 402.
1659, 1659, 51, 191.
1660, 1660, 92, 72.
1661, 1661, 21, 472.
1662, 1662, 12, 217.
1663, 1663, 15, 54.
1664, 1664, 10, 304.
1665, 1665, 23, 92.
1666, 1666, 23, 47.
1667, 1667, 70, 485.
1668, 1668, 29, 406.
1669, 1669, 94, 468.
1670, 1670, 67, 144.
1671, 1671, 34, 361.
1672, 1672, 34, 106.
1673, 1673, 56, 268.
1674, 1674, 74, 75.
1675, 1675, 71, 299.
1676, 1676, 44, 432.
1677, 1677, 57, 178.
1678, 1678, 19, 443.
1679, 1679, 1, 466.
1680, 1680, 87, 276.
1681, 1681, 70, 407.
1682, 1682, 69, 59.
1683, 1683, 45, 474.
1684, 1684, 97, 283.
1685, 1685, 63, 218.
1686, 1686, 2, 478.
1687, 1687, 29, 389.
1688, 1688, 74, 424.
1689, 1689, 78, 484.
1690, 1690, 44, 48.
1691, 1691, 8, 305.
1692, 1692, 5, 334.
1693, 1693, 20, 352.
1694, 1694, 58, 119.
1695, 1695, 41, 36.
1696, 1696, 86, 423.
1697, 1697, 78, 305.
1698, 1698, 95, 409.
1699, 1699, 32, 122.
1700, 1700, 29, 388.
1701, 1701, 60, 392.
1702, 1702, 88, 375.
1703, 1703, 22, 218.
1704, 1704, 51, 413.
1705, 1705, 52, 417.
1706, 1706, 100, 399.
1707, 1707, 59, 60.
1708, 1708, 75, 65.
1709, 1709, 62, 154.
1710, 1710, 64, 256.
1711, 1711, 70, 82.
1712, 1712, 2, 39.
1713, 1713, 63, 167.
1714, 1714, 57, 449.
1715, 1715, 55, 104.
1716, 1716, 7, 432.
1717, 1717, 4, 376.
1718, 1718, 32, 464.
1719, 1719, 21, 129.
1720, 1720, 8, 55.
1721, 1721, 72, 136.
1722, 1722, 90, 143.
1723, 1723, 93, 52.
1724, 1724, 51, 453.
1725, 1725, 8, 27.
1726, 1726, 51, 351.
1727, 1727, 35, 440.
1728, 1728, 12, 149.
1729, 1729, 33, 309.
1730, 1730, 88, 50.
1731, 1731, 93, 401.
1732, 1732, 63, 82.
1733, 1733, 4, 425.
1734, 1734, 15, 215.
1735, 1735, 58, 43.
1736, 1736, 5, 59.
1737, 1737, 76, 188.
1738, 1738, 93, 106.
1739, 1739, 11, 262.
1740, 1740, 41, 68.
1741, 1741, 92, 461.
1742, 1742, 30, 236.
1743, 1743, 88, 172.
1744, 1744, 66, 447.
1745, 1745, 96, 171.
1746, 1746, 89, 395.
1747, 1747, 35, 423.
1748, 1748, 5, 267.
1749, 1749, 28, 261.
1750, 1750, 24, 30.
1751, 1751, 26, 363.
1752, 1752, 56, 56.
1753, 1753, 26, 47.
1754, 1754, 3, 298.
1755, 1755, 18, 77.
1756, 1756, 91, 345.
1757, 1757, 69, 350.
1758, 1758, 23, 39.
1759, 1759, 40, 410.
1760, 1760, 73, 80.
1761, 1761, 22, 46.
1762, 1762, 16, 63.
1763, 1763, 85, 292.
1764, 1764, 66, 424.
1765, 1765, 69, 298.
1766, 1766, 57, 111.
1767, 1767, 43, 354.
1768, 1768, 26, 95.
1769, 1769, 15, 45.
1770, 1770, 13, 350.
1771, 1771, 69, 99.
1772, 1772, 96, 237.
1773, 1773, 77, 245.
1774, 1774, 31, 226.
1775, 1775, 87, 16.
1776, 1776, 78, 12.
1777, 1777, 24, 245.
1778, 1778, 93, 171.
1779, 1779, 8, 93.
1780, 1780, 81, 138.
1781, 1781, 61, 66.
1782, 1782, 71, 97.
1783, 1783, 38, 454.
1784, 1784, 55, 378.
1785, 1785, 9, 272.
1786, 1786, 70, 19.
1787, 1787, 45, 93.
1788, 1788, 3, 25.
1789, 1789, 35, 175.
1790, 1790, 25, 64.
1791, 1791, 59, 396.
1792, 1792, 74, 333.
1793, 1793, 73, 300.
1794, 1794, 70, 374.
1795, 1795, 54, 384.
1796, 1796, 84, 114.
1797, 1797, 50, 230.
1798, 1798, 24, 458.
1799, 1799, 35, 234.
1800, 1800, 100, 49.
1801, 1801, 5, 471.
1802, 1802, 11, 449.
1803, 1803, 10, 35.
1804, 1804, 76, 478.
1805, 1805, 47, 284.
1806, 1806, 76, 318.
1807, 1807, 28, 394.
1808, 1808, 71, 87.
1809, 1809, 40, 459.
1810, 1810, 88, 255.
1811, 1811, 86, 189.
1812, 1812, 51, 380.
1813, 1813, 33, 81.
1814, 1814, 12, 50.
1815, 1815, 90, 106.
1816, 1816, 27, 64.
1817, 1817, 66, 163.
1818, 1818, 20, 385.
1819, 1819, 42, 383.
1820, 1820, 32, 189.
1821, 1821, 26, 40.
1822, 1822, 56, 155.
1823, 1823, 12, 393.
1824, 1824, 89, 483.
1825, 1825, 70, 259.
1826, 1826, 73, 477.
1827, 1827, 21, 10.
1828, 1828, 55, 211.
1829, 1829, 82, 296.
1830, 1830, 36, 483.
1831, 1831, 7, 283.
1832, 1832, 71, 50.
1833, 1833, 11, 68.
1834, 1834, 31, 298.
1835, 1835, 12, 264.
1836, 1836, 89, 160.
1837, 1837, 40, 370.
1838, 1838, 37, 176.
1839, 1839, 21, 207.
1840, 1840, 93, 191.
1841, 1841, 58, 487.
1842, 1842, 22, 31.
1843, 1843, 61, 138.
1844, 1844, 25, 304.
1845, 1845, 32, 332.
1846, 1846, 2, 261.
1847, 1847, 100, 170.
1848, 1848, 93, 286.
1849, 1849, 60, 37.
1850, 1850, 34, 407.
1851, 1851, 48, 75.
1852, 1852, 84, 448.
1853, 1853, 21, 162.
1854, 1854, 34, 457.
1855, 1855, 92, 50.
1856, 1856, 22, 405.
1857, 1857, 68, 62.
1858, 1858, 18, 36.
1859, 1859, 3, 150.
1860, 1860, 16, 181.
1861, 1861, 50, 320.
1862, 1862, 34, 238.
1863, 1863, 80, 335.
1864, 1864, 66, 241.
1865, 1865, 51, 183.
1866, 1866, 80, 39.
1867, 1867, 100, 243.
1868, 1868, 37, 148.
1869, 1869, 23, 187.
1870, 1870, 82, 206.
1871, 1871, 65, 282.
1872, 1872, 47, 474.
1873, 1873, 82, 226.
1874, 1874, 15, 340.
1875, 1875, 17, 376.
1876, 1876, 91, 296.
1877, 1877, 78, 358.
1878, 1878, 43, 105.
1879, 1879, 64, 71.
1880, 1880, 80, 147.
1881, 1881, 20, 288.
1882, 1882, 17, 63.
1883, 1883, 16, 320.
1884, 1884, 20, 356.
1885, 1885, 86, 431.
1886, 1886, 77, 75.
1887, 1887, 35, 123.
1888, 1888, 95, 392.
1889, 1889, 20, 20.
1890, 1890, 66, 268.
1891, 1891, 21, 98.
1892, 1892, 77, 466.
1893, 1893, 93, 211.
1894, 1894, 43, 212.
1895, 1895, 2, 174.
1896, 1896, 35, 140.
1897, 1897, 2, 240.
1898, 1898, 56, 322.
1899, 1899, 66, 295.
1900, 1900, 86, 454.
1901, 1901, 1, 106.
1902, 1902, 29, 430.
1903, 1903, 66, 483.
1904, 1904, 47, 279.
1905, 1905, 54, 181.
1906, 1906, 24, 61.
1907, 1907, 48, 381.
1908, 1908, 10, 234.
1909, 1909, 54, 464.
1910, 1910, 41, 369.
1911, 1911, 92, 71.
1912, 1912, 42, 95.
1913, 1913, 54, 380.
1914, 1914, 14, 302.
1915, 1915, 59, 87.
1916, 1916, 11, 304.
1917, 1917, 88, 457.
1918, 1918, 70, 470.
1919, 1919, 14, 218.
1920, 1920, 59, 322.
1921, 1921, 63, 253.
1922, 1922, 91, 443.
1923, 1923, 74, 148.
1924, 1924, 75, 72.
1925, 1925, 57, 229.
1926, 1926, 17, 87.
1927, 1927, 55, 340.
1928, 1928, 9, 151.
1929, 1929, 20, 486.
1930, 1930, 100, 76.
1931, 1931, 69, 363.
1932, 1932, 93, 266.
1933, 1933, 58, 144.
1934, 1934, 83, 24.
1935, 1935, 82, 29.
1936, 1936, 14, 27.
1937, 1937, 87, 208.
1938, 1938, 60, 62.
1939, 1939, 6, 173.
1940, 1940, 72, 447.
1941, 1941, 71, 355.
1942, 1942, 100, 304.
1943, 1943, 83, 12.
1944, 1944, 49, 7.
1945, 1945, 15, 409.
1946, 1946, 55, 49.
1947, 1947, 46, 7.
1948, 1948, 94, 89.
1949, 1949, 99, 197.
1950, 1950, 87, 481.
1951, 1951, 71, 421.
1952, 1952, 78, 88.
1953, 1953, 7, 5.
1954, 1954, 64, 488.
1955, 1955, 33, 362.
1956, 1956, 80, 389.
1957, 1957, 52, 402.
1958, 1958, 100, 454.
1959, 1959, 31, 429.
1960, 1960, 71, 409.
1961, 1961, 34, 134.
1962, 1962, 88, 191.
1963, 1963, 38, 435.
1964, 1964, 90, 445.
1965, 1965, 24, 405.
1966, 1966, 100, 18.
1967, 1967, 48, 283.
1968, 1968, 33, 94.
1969, 1969, 44, 34.
1970, 1970, 28, 99.
1971, 1971, 35, 175.
1972, 1972, 18, 487.
1973, 1973, 51, 235.
1974, 1974, 91, 374.
1975, 1975, 81, 455.
1976, 1976, 58, 235.
1977, 1977, 25, 345.
1978, 1978, 60, 90.
1979, 1979, 88, 431.
1980, 1980, 88, 412.
1981, 1981, 43, 245.
1982, 1982, 40, 251.
1983, 1983, 18, 475.
1984, 1984, 10, 466.
1985, 1985, 59, 94.
1986, 1986, 58, 147.
1987, 1987, 26, 326.
1988, 1988, 13, 230.
1989, 1989, 75, 286.
1990, 1990, 29, 203.
1991, 1991, 74, 280.
1992, 1992, 74, 372.
1993, 1993, 35, 95.
1994, 1994, 65, 216.
1995, 1995, 78, 291.
1996, 1996, 40, 330.
1997, 1997, 80, 368.
1998, 1998, 93, 234.
1999, 1999, 30, 309.
2000, 2000, 33, 209.
2001, 1678, 6, 400.
2002, 929, 80, 123.
2003, 530, 50, 242.
2004, 1249, 79, 153.
2005, 1104, 23, 231.
2006, 1337, 42, 390.
2007, 777, 67, 36.
2008, 848, 5, 18.
2009, 345, 29, 115.
2010, 274, 35, 267.
2011, 114, 95, 466.
2012, 874, 24, 361.
2013, 204, 20, 430.
2014, 1361, 11, 122.
2015, 993, 72, 151.
2016, 1730, 5, 10.
2017, 921, 2, 375.
2018, 691, 62, 94.
2019, 1927, 70, 478.
2020, 851, 85, 363.
2021, 579, 40, 17.
2022, 1819, 65, 367.
2023, 1655, 13, 322.
2024, 1212, 59, 16.
2025, 1109, 47, 33.
2026, 1309, 99, 224.
2027, 1282, 40, 182.
2028, 1373, 12, 156.
2029, 707, 89, 396.
2030, 774, 36, 201.
2031, 859, 68, 24.
2032, 201, 6, 329.
2033, 1747, 32, 210.
2034, 1891, 91, 490.
2035, 1437, 13, 281.
2036, 690, 60, 230.
2037, 1486, 91, 95.
2038, 901, 83, 379.
2039, 44, 5, 314.
2040, 1700, 24, 441.
2041, 285, 26, 410.
2042, 232, 2, 406.
2043, 1270, 13, 224.
2044, 138, 12, 383.
2045, 637, 52, 83.
2046, 431, 6, 324.
2047, 128, 66, 449.
2048, 164, 77, 75.
2049, 202, 70, 210.
2050, 1406, 83, 356.
2051, 1554, 58, 91.
2052, 911, 41, 404.
2053, 160, 100, 484.
2054, 48, 96, 412.
2055, 1169, 44, 344.
2056, 229, 2, 302.
2057, 655, 11, 20.
2058, 1925, 45, 483.
2059, 1145, 31, 4.
2060, 1122, 45, 428.
2061, 1941, 67, 159.
2062, 1408, 95, 188.
2063, 279, 56, 238.
2064, 1954, 45, 181.
2065, 691, 88, 375.
2066, 407, 21, 95.
2067, 46, 95, 38.
2068, 864, 26, 254.
2069, 322, 97, 101.
2070, 141, 36, 297.
2071, 219, 89, 422.
2072, 289, 94, 272.
2073, 1214, 85, 9.
2074, 429, 36, 42.
2075, 168, 6, 195.
2076, 23, 58, 210.
2077, 1361, 77, 276.
2078, 270, 83, 161.
2079, 1268, 98, 212.
2080, 418, 89, 226.
2081, 1710, 17, 193.
2082, 1465, 19, 175.
2083, 490, 36, 64.
2084, 1937, 77, 72.
2085, 558, 99, 34.
2086, 336, 68, 328.
2087, 585, 39, 249.
2088, 549, 40, 2.
2089, 802, 45, 31.
2090, 1153, 22, 281.
2091, 113, 78, 123.
2092, 49, 4, 29.
2093, 237, 34, 228.
2094, 458, 10, 450.
2095, 711, 54, 308.
2096, 555, 16, 217.
2097, 1226, 12, 165.
2098, 1343, 26, 26.
2099, 1794, 33, 159.
2100, 28, 96, 364.
2101, 998, 60, 93.
2102, 15, 59, 417.
2103, 290, 17, 149.
2104, 204, 99, 467.
2105, 1514, 79, 125.
2106, 1544, 28, 240.
2107, 1952, 68, 133.
2108, 1216, 56, 384.
2109, 1350, 3, 49.
2110, 1812, 12, 74.
2111, 812, 83, 337.
2112, 1808, 16, 130.
2113, 1303, 53, 109.
2114, 1042, 12, 104.
2115, 1060, 11, 21.
2116, 1734, 11, 486.
2117, 72, 94, 283.
2118, 841, 71, 10.
2119, 1618, 36, 305.
2120, 1618, 49, 247.
2121, 1311, 79, 85.
2122, 1860, 36, 154.
2123, 1304, 5, 312.
2124, 488, 81, 218.
2125, 1797, 97, 2.
2126, 1561, 56, 31.
2127, 1265, 27, 405.
2128, 83, 34, 294.
2129, 85, 58, 409.
2130, 1344, 68, 48.
2131, 397, 92, 158.
2132, 1902, 83, 158.
2133, 1168, 45, 335.
2134, 1134, 84, 17.
2135, 211, 9, 8.
2136, 1924, 63, 358.
2137, 1428, 84, 429.
2138, 445, 98, 218.
2139, 209, 96, 231.
2140, 1358, 35, 86.
2141, 1216, 49, 61.
2142, 461, 18, 241.
2143, 296, 43, 7.
2144, 1626, 77, 67.
2145, 607, 52, 462.
2146, 1706, 84, 259.
2147, 768, 37, 327.
2148, 692, 45, 281.
2149, 200, 56, 57.
2150, 807, 27, 201.
2151, 257, 47, 117.
2152, 289, 50, 77.
2153, 1379, 51, 257.
2154, 56, 98, 340.
2155, 541, 38, 335.
2156, 189, 88, 113.
2157, 364, 16, 421.
2158, 364, 82, 3.
2159, 1188, 45, 431.
2160, 380, 2, 140.
2161, 520, 95, 48.
2162, 1943, 62, 155.
2163, 16, 26, 444.
2164, 426, 97, 190.
2165, 870, 66, 231.
2166, 1266, 53, 85.
2167, 396, 17, 400.
2168, 95, 81, 179.
2169, 1965, 17, 404.
2170, 741, 45, 362.
2171, 830, 41, 177.
2172, 691, 1, 449.
2173, 643, 67, 57.
2174, 1523, 65, 468.
2175, 511, 29, 370.
2176, 780, 18, 392.
2177, 1366, 55, 409.
2178, 123, 51, 414.
2179, 1851, 9, 133.
2180, 759, 24, 141.
2181, 163, 59, 299.
2182, 1066, 67, 263.
2183, 518, 67, 423.
2184, 1112, 93, 308.
2185, 606, 27, 437.
2186, 153, 6, 294.
2187, 958, 7, 135.
2188, 1940, 55, 315.
2189, 240, 39, 374.
2190, 1346, 91, 252.
2191, 609, 79, 194.
2192, 323, 82, 192.
2193, 298, 100, 37.
2194, 1022, 89, 298.
2195, 838, 10, 361.
2196, 606, 83, 159.
2197, 1302, 34, 366.
2198, 529, 65, 485.
2199, 1292, 61, 177.
2200, 889, 7, 131.
2201, 190, 53, 321.
2202, 402, 58, 307.
2203, 620, 68, 236.
2204, 402, 69, 360.
2205, 249, 8, 265.
2206, 1966, 65, 256.
2207, 546, 70, 259.
2208, 1964, 73, 424.
2209, 541, 82, 392.
2210, 714, 21, 66.
2211, 81, 29, 3.
2212, 1602, 79, 213.
2213, 1633, 92, 438.
2214, 1849, 47, 11.
2215, 654, 65, 337.
2216, 327, 90, 24.
2217, 1298, 46, 128.
2218, 1015, 44, 454.
2219, 639, 39, 164.
2220, 1718, 26, 116.
2221, 1907, 10, 381.
2222, 963, 3, 217.
2223, 248, 98, 133.
2224, 911, 39, 337.
2225, 1925, 75, 294.
2226, 820, 57, 365.
2227, 1157, 87, 105.
2228, 1743, 46, 281.
2229, 1808, 53, 425.
2230, 540, 81, 404.
2231, 955, 99, 290.
2232, 803, 82, 205.
2233, 607, 78, 110.
2234, 439, 25, 57.
2235, 782, 51, 261.
2236, 483, 35, 254.
2237, 1697, 57, 406.
2238, 1466, 16, 393.
2239, 1754, 45, 340.
2240, 851, 15, 163.
2241, 1393, 47, 289.
2242, 1705, 48, 251.
2243, 1382, 37, 434.
2244, 518, 77, 355.
2245, 1870, 39, 372.
2246, 13, 23, 312.
2247, 112, 5, 406.
2248, 854, 40, 246.
2249, 1476, 92, 128.
2250, 790, 36, 186.
2251, 1499, 8, 185.
2252, 1933, 35, 317.
2253, 1656, 42, 393.
2254, 1333, 25, 342.
2255, 640, 30, 13.
2256, 622, 10, 344.
2257, 1090, 92, 450.
2258, 1052, 61, 120.
2259, 804, 26, 403.
2260, 752, 49, 346.
2261, 1470, 5, 230.
2262, 625, 31, 412.
2263, 1103, 12, 395.
2264, 1786, 94, 185.
2265, 1100, 57, 46.
2266, 1239, 56, 191.
2267, 460, 38, 439.
2268, 1345, 92, 227.
2269, 1018, 32, 263.
2270, 674, 28, 230.
2271, 306, 45, 270.
2272, 1528, 96, 164.
2273, 1963, 75, 82.
2274, 1484, 79, 101.
2275, 1464, 86, 436.
2276, 1785, 50, 315.
2277, 1437, 60, 365.
2278, 1263, 56, 483.
2279, 1216, 19, 137.
2280, 1514, 76, 202.
2281, 1878, 16, 23.
2282, 810, 57, 311.
2283, 1437, 73, 119.
2284, 249, 51, 283.
2285, 1671, 86, 187.
2286, 987, 100, 384.
2287, 1449, 8, 436.
2288, 1451, 20, 246.
2289, 689, 50, 315.
2290, 1151, 96, 251.
2291, 1482, 55, 132.
2292, 1241, 63, 126.
2293, 1147, 47, 380.
2294, 1572, 18, 162.
2295, 177, 81, 240.
2296, 1043, 73, 318.
2297, 1589, 80, 382.
2298, 1722, 43, 406.
2299, 1105, 56, 84.
2300, 290, 57, 475.
2301, 264, 17, 390.
2302, 675, 92, 158.
2303, 1574, 81, 20.
2304, 1250, 61, 396.
2305, 381, 80, 114.
2306, 1332, 51, 68.
2307, 1457, 92, 25.
2308, 1154, 90, 404.
2309, 1102, 12, 439.
2310, 1500, 50, 72.
2311, 562, 33, 45.
2312, 1240, 100, 234.
2313, 1961, 36, 389.
2314, 356, 88, 27.
2315, 1123, 55, 341.
2316, 905, 97, 353.
2317, 668, 86, 426.
2318, 418, 22, 172.
2319, 1935, 85, 107.
2320, 1939, 75, 207.
2321, 1191, 53, 109.
2322, 1072, 72, 407.
2323, 894, 9, 357.
2324, 1799, 63, 25.
2325, 146, 55, 77.
2326, 1037, 5, 66.
2327, 1409, 99, 67.
2328, 925, 17, 492.
2329, 392, 98, 219.
2330, 281, 23, 196.
2331, 864, 72, 119.
2332, 1573, 77, 297.
2333, 1272, 99, 424.
2334, 1571, 99, 455.
2335, 618, 9, 477.
2336, 773, 13, 491.
2337, 302, 89, 429.
2338, 1045, 54, 426.
2339, 202, 57, 127.
2340, 199, 86, 357.
2341, 922, 53, 296.
2342, 1897, 58, 205.
2343, 1608, 84, 16.
2344, 1720, 81, 188.
2345, 1715, 61, 145.
2346, 469, 66, 457.
2347, 662, 41, 470.
2348, 362, 99, 328.
2349, 136, 13, 194.
2350, 1456, 33, 393.
2351, 1568, 46, 135.
2352, 1648, 9, 277.
2353, 1738, 89, 142.
2354, 1749, 66, 297.
2355, 1888, 73, 433.
2356, 1144, 83, 119.
2357, 990, 72, 152.
2358, 1949, 42, 204.
2359, 1672, 47, 129.
2360, 1910, 54, 483.
2361, 285, 45, 51.
2362, 516, 26, 102.
2363, 1584, 72, 351.
2364, 1030, 24, 18.
2365, 1624, 25, 39.
2366, 60, 22, 279.
2367, 1212, 66, 390.
2368, 559, 31, 260.
2369, 376, 66, 255.
2370, 1129, 32, 200.
2371, 1299, 84, 110.
2372, 1232, 47, 435.
2373, 985, 97, 403.
2374, 590, 46, 214.
2375, 1065, 56, 76.
2376, 1003, 28, 49.
2377, 1378, 25, 387.
2378, 776, 96, 58.
2379, 250, 60, 317.
2380, 950, 23, 384.
2381, 831, 13, 184.
2382, 33, 54, 470.
2383, 1797, 14, 95.
2384, 945, 66, 462.
2385, 1472, 65, 44.
2386, 1829, 99, 47.
2387, 1126, 34, 6.
2388, 1391, 60, 447.
2389, 814, 24, 488.
2390, 86, 11, 438.
2391, 1926, 82, 235.
2392, 1622, 67, 358.
2393, 215, 73, 142.
2394, 51, 48, 195.
2395, 1639, 83, 82.
2396, 608, 83, 5.
2397, 1154, 45, 189.
2398, 1612, 1, 486.
2399, 1746, 67, 456.
2400, 1271, 75, 386.
2401, 1077, 22, 21.
2402, 30, 2, 210.
2403, 1948, 6, 166.
2404, 907, 54, 236.
2405, 1617, 99, 376.
2406, 234, 99, 430.
2407, 1624, 4, 429.
2408, 1648, 48, 2.
2409, 567, 25, 92.
2410, 1196, 40, 489.
2411, 1277, 72, 303.
2412, 358, 57, 75.
2413, 1909, 34, 159.
2414, 447, 91, 127.
2415, 841, 13, 448.
2416, 1630, 94, 37.
2417, 628, 87, 436.
2418, 1707, 91, 449.
2419, 1725, 98, 56.
2420, 1347, 5, 36.
2421, 1408, 43, 369.
2422, 713, 11, 326.
2423, 849, 66, 32.
2424, 1459, 29, 32.
2425, 1629, 46, 474.
2426, 25, 89, 57.
2427, 833, 3, 23.
2428, 997, 34, 247.
2429, 1440, 3, 11.
2430, 1642, 57, 33.
2431, 1419, 20, 65.
2432, 1855, 13, 263.
2433, 1686, 69, 349.
2434, 1521, 26, 367.
2435, 632, 1, 362.
2436, 1853, 16, 200.
2437, 903, 17, 174.
2438, 97, 20, 378.
2439, 484, 63, 443.
2440, 839, 64, 216.
2441, 1169, 40, 418.
2442, 868, 91, 164.
2443, 1115, 20, 132.
2444, 811, 82, 295.
2445, 681, 76, 178.
2446, 1059, 40, 154.
2447, 1904, 7, 238.
2448, 1751, 21, 356.
2449, 1907, 67, 145.
2450, 441, 9, 38.
2451, 400, 16, 116.
2452, 811, 74, 471.
2453, 1328, 38, 391.
2454, 162, 46, 191.
2455, 1215, 70, 492.
2456, 1315, 21, 320.
2457, 1301, 67, 400.
2458, 575, 10, 55.
2459, 1138, 33, 27.
2460, 154, 33, 65.
2461, 154, 86, 107.
2462, 899, 47, 7.
2463, 267, 71, 134.
2464, 168, 93, 250.
2465, 494, 74, 8.
2466, 304, 23, 323.
2467, 1966, 47, 364.
2468, 201, 48, 133.
2469, 1109, 38, 74.
2470, 1472, 13, 296.
2471, 967, 81, 446.
2472, 1304, 83, 332.
2473, 1684, 59, 48.
2474, 839, 50, 416.
2475, 663, 39, 7.
2476, 1871, 84, 492.
2477, 426, 67, 425.
2478, 1720, 71, 464.
2479, 1170, 23, 408.
2480, 218, 29, 102.
2481, 844, 28, 419.
2482, 3, 69, 183.
2483, 505, 50, 475.
2484, 1427, 8, 292.
2485, 40, 76, 109.
2486, 685, 19, 169.
2487, 1289, 16, 16.
2488, 348, 4, 101.
2489, 304, 6, 227.
2490, 1159, 25, 405.
2491, 595, 58, 156.
2492, 600, 24, 395.
2493, 875, 57, 47.
2494, 1178, 96, 247.
2495, 399, 51, 120.
2496, 1706, 14, 313.
2497, 647, 20, 463.
2498, 751, 88, 259.
2499, 1477, 17, 144.
2500, 928, 86, 193.
2501, 479, 94, 185.
2502, 1955, 98, 21.
2503, 1632, 76, 4.
2504, 1482, 33, 220.
2505, 610, 4, 54.
2506, 988, 31, 274.
2507, 570, 59, 23.
2508, 844, 51, 231.
2509, 1781, 8, 490.
2510, 155, 77, 316.
2511, 1602, 79, 328.
2512, 783, 43, 380.
2513, 1215, 86, 8.
2514, 592, 28, 158.
2515, 1193, 60, 181.
2516, 1320, 72, 115.
2517, 400, 90, 483.
2518, 750, 47, 297.
2519, 1202, 52, 235.
2520, 1497, 39, 384.
2521, 57, 2, 19.
2522, 1401, 22, 328.
2523, 990, 68, 42.
2524, 1685, 95, 170.
2525, 603, 15, 311.
2526, 627, 93, 490.
2527, 1593, 4, 141.
2528, 1897, 19, 70.
2529, 1716, 45, 15.
2530, 542, 56, 322.
2531, 296, 97, 102.
2532, 1446, 31, 134.
2533, 375, 100, 154.
2534, 150, 31, 465.
2535, 949, 53, 7.
2536, 352, 49, 33.
2537, 490, 44, 198.
2538, 1540, 78, 170.
2539, 903, 64, 443.
2540, 1104, 90, 471.
2541, 357, 28, 359.
2542, 727, 8, 199.
2543, 941, 100, 109.
2544, 1094, 18, 250.
2545, 1557, 35, 16.
2546, 1038, 52, 132.
2547, 1783, 86, 427.
2548, 1632, 12, 484.
2549, 769, 24, 229.
2550, 863, 83, 359.
2551, 476, 77, 323.
2552, 1876, 60, 362.
2553, 1675, 83, 457.
2554, 1551, 26, 148.
2555, 1799, 47, 20.
2556, 1874, 69, 142.
2557, 688, 76, 267.
2558, 1621, 69, 193.
2559, 923, 98, 23.
2560, 1220, 33, 92.
2561, 712, 65, 21.
2562, 14, 18, 252.
2563, 1836, 63, 78.
2564, 1003, 60, 220.
2565, 739, 78, 295.
2566, 1084, 38, 23.
2567, 1398, 100, 201.
2568, 261, 56, 380.
2569, 1280, 49, 19.
2570, 1828, 10, 249.
2571, 1802, 14, 396.
2572, 1050, 43, 193.
2573, 1254, 84, 234.
2574, 628, 20, 20.
2575, 4, 44, 239.
2576, 518, 59, 172.
2577, 970, 65, 348.
2578, 281, 92, 460.
2579, 1333, 68, 276.
2580, 1872, 20, 425.
2581, 319, 14, 346.
2582, 843, 75, 134.
2583, 108, 79, 185.
2584, 1361, 61, 446.
2585, 236, 7, 379.
2586, 472, 3, 469.
2587, 298, 18, 157.
2588, 1701, 42, 203.
2589, 1365, 95, 257.
2590, 441, 81, 479.
2591, 966, 46, 432.
2592, 785, 36, 292.
2593, 69, 34, 40.
2594, 1318, 17, 345.
2595, 231, 23, 54.
2596, 1486, 5, 451.
2597, 1104, 92, 38.
2598, 463, 27, 469.
2599, 1535, 11, 190.
2600, 1110, 61, 124.
2601, 551, 28, 480.
2602, 113, 67, 454.
2603, 1894, 28, 395.
2604, 1218, 90, 289.
2605, 482, 60, 136.
2606, 1151, 85, 423.
2607, 1460, 65, 411.
2608, 195, 3, 286.
2609, 1729, 57, 121.
2610, 1358, 38, 120.
2611, 1939, 83, 136.
2612, 1713, 77, 85.
2613, 1379, 14, 104.
2614, 1390, 13, 404.
2615, 713, 68, 159.
2616, 2, 75, 259.
2617, 138, 74, 70.
2618, 1951, 31, 12.
2619, 1525, 37, 199.
2620, 1318, 96, 369.
2621, 1727, 23, 435.
2622, 1939, 98, 26.
2623, 1649, 19, 161.
2624, 1080, 82, 245.
2625, 201, 36, 146.
2626, 866, 95, 467.
2627, 1248, 65, 436.
2628, 543, 85, 46.
2629, 130, 96, 196.
2630, 1856, 52, 57.
2631, 849, 5, 382.
2632, 538, 89, 242.
2633, 1834, 95, 156.
2634, 657, 37, 420.
2635, 1274, 79, 133.
2636, 938, 98, 417.
2637, 730, 40, 150.
2638, 1478, 43, 73.
2639, 1135, 51, 449.
2640, 983, 51, 327.
2641, 151, 99, 380.
2642, 494, 78, 424.
2643, 1242, 44, 166.
2644, 724, 94, 281.
2645, 1191, 22, 213.
2646, 913, 89, 365.
2647, 994, 94, 310.
2648, 844, 2, 360.
2649, 1537, 7, 209.
2650, 796, 82, 148.
2651, 1756, 63, 366.
2652, 540, 40, 50.
2653, 206, 26, 325.
2654, 587, 58, 279.
2655, 898, 31, 457.
2656, 1622, 72, 392.
2657, 564, 33, 475.
2658, 689, 49, 398.
2659, 1520, 45, 439.
2660, 1332, 18, 309.
2661, 906, 80, 237.
2662, 1671, 2, 180.
2663, 1931, 40, 264.
2664, 1173, 12, 370.
2665, 1141, 53, 480.
2666, 1380, 80, 36.
2667, 185, 42, 62.
2668, 1552, 87, 406.
2669, 393, 20, 74.
2670, 1052, 24, 50.
2671, 1589, 54, 327.
2672, 1449, 76, 337.
2673, 1506, 93, 230.
2674, 1818, 9, 373.
2675, 731, 94, 40.
2676, 882, 54, 209.
2677, 1242, 48, 17.
2678, 862, 50, 40.
2679, 1336, 42, 201.
2680, 1167, 25, 456.
2681, 1843, 20, 23.
2682, 1308, 89, 237.
2683, 1500, 22, 316.
2684, 413, 10, 212.
2685, 1350, 66, 382.
2686, 1855, 93, 110.
2687, 33, 21, 409.
2688, 782, 2, 10.
2689, 256, 20, 294.
2690, 1247, 24, 98.
2691, 378, 98, 87.
2692, 98, 90, 23.
2693, 917, 12, 122.
2694, 1723, 79, 34.
2695, 266, 71, 400.
2696, 1822, 2, 143.
2697, 1573, 3, 54.
2698, 1650, 67, 24.
2699, 930, 71, 182.
2700, 1141, 74, 440.
2701, 1691, 54, 215.
2702, 1151, 6, 82.
2703, 1901, 69, 66.
2704, 157, 61, 114.
2705, 416, 57, 369.
2706, 1405, 100, 389.
2707, 850, 8, 419.
2708, 535, 72, 56.
2709, 621, 19, 166.
2710, 627, 93, 36.
2711, 1338, 8, 446.
2712, 716, 38, 31.
2713, 1880, 44, 188.
2714, 605, 4, 237.
2715, 1815, 59, 50.
2716, 94, 60, 256.
2717, 59, 70, 416.
2718, 1553, 37, 175.
2719, 841, 38, 421.
2720, 1598, 40, 390.
2721, 285, 22, 434.
2722, 44, 73, 22.
2723, 727, 71, 337.
2724, 258, 19, 287.
2725, 205, 12, 167.
2726, 1462, 46, 282.
2727, 174, 55, 124.
2728, 1059, 27, 380.
2729, 105, 25, 475.
2730, 140, 93, 468.
2731, 469, 10, 338.
2732, 1110, 79, 188.
2733, 1572, 42, 403.
2734, 13, 81, 221.
2735, 828, 62, 63.
2736, 544, 7, 241.
2737, 1140, 48, 96.
2738, 1946, 63, 152.
2739, 1113, 38, 30.
2740, 1655, 75, 218.
2741, 1506, 33, 331.
2742, 498, 54, 319.
2743, 1220, 48, 156.
2744, 1129, 26, 22.
2745, 1077, 73, 310.
2746, 1731, 8, 422.
2747, 938, 53, 484.
2748, 1277, 25, 455.
2749, 1922, 14, 141.
2750, 1223, 26, 216.
2751, 1446, 91, 332.
2752, 292, 87, 278.
2753, 1848, 70, 79.
2754, 889, 10, 165.
2755, 1381, 1, 366.
2756, 1859, 79, 463.
2757, 104, 38, 362.
2758, 1414, 20, 131.
2759, 890, 76, 454.
2760, 1784, 70, 340.
2761, 1346, 32, 272.
2762, 464, 63, 60.
2763, 1271, 65, 349.
2764, 1309, 94, 392.
2765, 1536, 5, 41.
2766, 761, 69, 262.
2767, 317, 80, 409.
2768, 416, 70, 275.
2769, 1944, 61, 399.
2770, 365, 87, 120.
2771, 758, 80, 376.
2772, 1881, 63, 56.
2773, 1496, 46, 443.
2774, 1084, 22, 148.
2775, 1134, 27, 56.
2776, 523, 59, 33.
2777, 1883, 37, 265.
2778, 377, 26, 239.
2779, 254, 3, 449.
2780, 1624, 8, 345.
2781, 521, 73, 487.
2782, 848, 65, 424.
2783, 897, 81, 294.
2784, 627, 80, 368.
2785, 1129, 15, 452.
2786, 1380, 77, 236.
2787, 756, 77, 337.
2788, 1484, 62, 42.
2789, 42, 41, 404.
2790, 508, 68, 483.
2791, 742, 51, 176.
2792, 1661, 11, 48.
2793, 1596, 15, 166.
2794, 495, 51, 28.
2795, 1276, 64, 466.
2796, 713, 95, 434.
2797, 950, 47, 157.
2798, 1517, 15, 485.
2799, 1734, 92, 324.
2800, 45, 16, 115.
2801, 231, 8, 309.
2802, 1911, 81, 481.
2803, 1500, 63, 186.
2804, 64, 13, 173.
2805, 1912, 82, 440.
2806, 819, 93, 443.
2807, 1821, 72, 309.
2808, 1420, 78, 254.
2809, 126, 55, 407.
2810, 1072, 24, 102.
2811, 705, 91, 476.
2812, 1793, 55, 315.
2813, 265, 91, 12.
2814, 1187, 60, 259.
2815, 1652, 57, 345.
2816, 1925, 62, 467.
2817, 1173, 75, 395.
2818, 645, 60, 338.
2819, 1771, 22, 246.
2820, 894, 88, 206.
2821, 210, 53, 73.
2822, 1400, 69, 73.
2823, 449, 7, 237.
2824, 501, 75, 384.
2825, 818, 40, 426.
2826, 196, 71, 389.
2827, 543, 49, 49.
2828, 1183, 91, 460.
2829, 115, 31, 331.
2830, 1585, 17, 71.
2831, 72, 87, 202.
2832, 1594, 58, 92.
2833, 1107, 74, 107.
2834, 1110, 43, 106.
2835, 1880, 80, 251.
2836, 1020, 6, 185.
2837, 401, 20, 170.
2838, 1550, 21, 194.
2839, 964, 64, 15.
2840, 195, 85, 144.
2841, 700, 52, 108.
2842, 1941, 70, 187.
2843, 847, 25, 379.
2844, 432, 94, 404.
2845, 1436, 54, 215.
2846, 1542, 97, 12.
2847, 1733, 17, 239.
2848, 1488, 20, 371.
2849, 553, 82, 366.
2850, 1087, 46, 250.
2851, 339, 24, 179.
2852, 275, 53, 322.
2853, 1496, 20, 178.
2854, 1308, 48, 117.
2855, 237, 58, 1.
2856, 1561, 98, 340.
2857, 1495, 76, 123.
2858, 1759, 60, 421.
2859, 1721, 46, 433.
2860, 132, 56, 311.
2861, 923, 72, 205.
2862, 1226, 39, 116.
2863, 797, 91, 104.
2864, 581, 10, 481.
2865, 412, 24, 374.
2866, 18, 39, 347.
2867, 1315, 86, 178.
2868, 320, 40, 328.
2869, 351, 99, 492.
2870, 630, 29, 215.
2871, 1897, 35, 132.
2872, 1164, 62, 316.
2873, 1264, 2, 119.
2874, 385, 60, 228.
2875, 453, 84, 268.
2876, 1470, 65, 436.
2877, 799, 26, 474.
2878, 385, 36, 230.
2879, 1511, 35, 242.
2880, 1622, 23, 286.
2881, 869, 68, 283.
2882, 1372, 15, 458.
2883, 907, 13, 156.
2884, 438, 76, 424.
2885, 1355, 13, 387.
2886, 557, 26, 161.
2887, 1477, 68, 305.
2888, 1892, 32, 170.
2889, 1151, 46, 251.
2890, 1733, 66, 2.
2891, 1447, 7, 434.
2892, 1223, 11, 62.
2893, 1422, 34, 104.
2894, 144, 96, 333.
2895, 105, 69, 398.
2896, 1841, 23, 206.
2897, 1922, 25, 266.
2898, 1514, 12, 61.
2899, 1510, 45, 56.
2900, 1161, 71, 413.
2901, 1037, 50, 173.
2902, 1294, 19, 486.
2903, 747, 94, 43.
2904, 1255, 42, 366.
2905, 676, 31, 327.
2906, 1186, 2, 19.
2907, 678, 56, 477.
2908, 711, 13, 265.
2909, 299, 8, 5.
2910, 510, 60, 265.
2911, 194, 58, 253.
2912, 1279, 73, 54.
2913, 154, 48, 452.
2914, 588, 42, 216.
2915, 1239, 38, 110.
2916, 134, 64, 345.
2917, 766, 77, 82.
2918, 219, 64, 381.
2919, 1164, 38, 49.
2920, 1462, 73, 432.
2921, 826, 48, 28.
2922, 1589, 89, 262.
2923, 523, 30, 114.
2924, 415, 84, 154.
2925, 275, 78, 350.
2926, 1293, 46, 434.
2927, 1810, 86, 323.
2928, 757, 16, 372.
2929, 604, 66, 318.
2930, 672, 50, 277.
2931, 629, 46, 157.
2932, 548, 62, 229.
2933, 1448, 10, 446.
2934, 1351, 93, 247.
2935, 1625, 64, 456.
2936, 1634, 23, 150.
2937, 1391, 83, 121.
2938, 1520, 20, 235.
2939, 1307, 95, 77.
2940, 1797, 87, 117.
2941, 1101, 50, 354.
2942, 893, 67, 219.
2943, 237, 21, 264.
2944, 1159, 46, 291.
2945, 904, 9, 108.
2946, 309, 66, 469.
2947, 1918, 94, 423.
2948, 1388, 66, 123.
2949, 905, 14, 99.
2950, 1663, 5, 23.
2951, 354, 94, 38.
2952, 480, 43, 450.
2953, 183, 57, 349.
2954, 924, 57, 121.
2955, 1617, 90, 212.
2956, 371, 10, 418.
2957, 1389, 76, 298.
2958, 1889, 99, 315.
2959, 1047, 100, 29.
2960, 879, 33, 425.
2961, 1828, 43, 311.
2962, 289, 100, 401.
2963, 161, 44, 97.
2964, 927, 67, 15.
2965, 1564, 72, 298.
2966, 121, 64, 52.
2967, 906, 34, 242.
2968, 67, 96, 123.
2969, 856, 34, 89.
2970, 1123, 8, 49.
2971, 1277, 83, 179.
2972, 251, 83, 388.
2973, 1825, 69, 451.
2974, 1396, 70, 365.
2975, 306, 32, 415.
2976, 674, 97, 359.
2977, 490, 76, 288.
2978, 529, 34, 467.
2979, 291, 34, 372.
2980, 1890, 54, 332.
2981, 1514, 100, 413.
2982, 167, 11, 310.
2983, 1193, 89, 79.
2984, 785, 30, 481.
2985, 1423, 14, 454.
2986, 683, 98, 49.
2987, 970, 49, 16.
2988, 354, 25, 51.
2989, 976, 26, 379.
2990, 794, 66, 186.
2991, 709, 19, 281.
2992, 1808, 69, 121.
2993, 1805, 74, 470.
2994, 61, 9, 10.
2995, 475, 74, 106.
2996, 79, 1, 194.
2997, 61, 79, 163.
2998, 134, 90, 479.
2999, 228, 21, 3.
3000, 891, 76, 402.
3001, 258, 45, 279.
3002, 633, 35, 56.
3003, 582, 50, 119.
3004, 340, 53, 329.
3005, 181, 78, 244.
3006, 264, 97, 460.
3007, 621, 61, 185.
3008, 1529, 2, 440.
3009, 980, 94, 197.
3010, 782, 39, 82.
3011, 518, 50, 173.
3012, 466, 53, 81.
3013, 1022, 35, 90.
3014, 486, 65, 420.
3015, 1710, 84, 213.
3016, 82, 83, 154.
3017, 1807, 49, 482.
3018, 1423, 49, 184.
3019, 1441, 71, 186.
3020, 1284, 100, 347.
3021, 186, 90, 237.
3022, 1206, 66, 67.
3023, 746, 45, 442.
3024, 231, 65, 353.
3025, 272, 44, 454.
3026, 839, 41, 344.
3027, 1923, 1, 164.
3028, 1238, 68, 368.
3029, 773, 67, 440.
3030, 699, 58, 254.
3031, 572, 50, 6.
3032, 1161, 66, 363.
3033, 1106, 27, 332.
3034, 1821, 41, 314.
3035, 1148, 74, 340.
3036, 1215, 18, 149.
3037, 64, 72, 15.
3038, 215, 95, 433.
3039, 82, 72, 124.
3040, 482, 19, 316.
3041, 1474, 49, 382.
3042, 597, 100, 20.
3043, 1026, 83, 286.
3044, 1190, 72, 92.
3045, 57, 32, 129.
3046, 129, 17, 107.
3047, 1392, 88, 339.
3048, 533, 65, 373.
3049, 782, 62, 237.
3050, 854, 44, 384.
3051, 675, 57, 382.
3052, 1897, 24, 4.
3053, 42, 70, 240.
3054, 1583, 89, 142.
3055, 1004, 62, 67.
3056, 1107, 96, 182.
3057, 1276, 73, 366.
3058, 1456, 66, 492.
3059, 1954, 59, 87.
3060, 655, 25, 416.
3061, 110, 9, 345.
3062, 993, 54, 117.
3063, 1926, 46, 263.
3064, 1517, 74, 482.
3065, 1052, 49, 386.
3066, 351, 15, 276.
3067, 1047, 17, 51.
3068, 673, 66, 387.
3069, 176, 98, 376.
3070, 1595, 69, 392.
3071, 584, 31, 343.
3072, 1423, 50, 217.
3073, 945, 62, 8.
3074, 1333, 99, 431.
3075, 798, 56, 438.
3076, 554, 96, 141.
3077, 578, 96, 289.
3078, 141, 26, 56.
3079, 268, 50, 143.
3080, 1335, 33, 187.
3081, 1045, 10, 382.
3082, 420, 75, 250.
3083, 1469, 90, 32.
3084, 1477, 91, 401.
3085, 1637, 70, 19.
3086, 1324, 84, 360.
3087, 88, 92, 438.
3088, 359, 73, 414.
3089, 545, 3, 260.
3090, 1416, 81, 455.
3091, 915, 13, 274.
3092, 1605, 93, 119.
3093, 1260, 60, 473.
3094, 64, 4, 481.
3095, 141, 62, 120.
3096, 1717, 26, 49.
3097, 720, 3, 484.
3098, 316, 87, 334.
3099, 111, 29, 261.
3100, 1108, 6, 269.
3101, 1251, 18, 71.
3102, 1631, 72, 248.
3103, 1947, 52, 467.
3104, 261, 70, 466.
3105, 860, 34, 208.
3106, 461, 84, 265.
3107, 433, 12, 355.
3108, 712, 6, 79.
3109, 1878, 34, 14.
3110, 414, 57, 97.
3111, 1755, 19, 228.
3112, 25, 82, 371.
3113, 1364, 3, 200.
3114, 1052, 61, 46.
3115, 1327, 56, 4.
3116, 621, 92, 172.
3117, 1922, 81, 312.
3118, 1450, 37, 238.
3119, 268, 80, 67.
3120, 43, 86, 342.
3121, 722, 39, 18.
3122, 1211, 79, 73.
3123, 689, 100, 289.
3124, 391, 68, 229.
3125, 174, 74, 169.
3126, 993, 44, 290.
3127, 1666, 73, 438.
3128, 1269, 6, 418.
3129, 1850, 18, 55.
3130, 203, 38, 191.
3131, 1348, 46, 374.
3132, 1241, 46, 116.
3133, 851, 44, 27.
3134, 1715, 87, 247.
3135, 1315, 84, 2.
3136, 180, 51, 117.
3137, 1187, 100, 29.
3138, 1807, 27, 360.
3139, 1359, 38, 400.
3140, 1386, 9, 40.
3141, 1904, 54, 254.
3142, 224, 35, 106.
3143, 1592, 38, 136.
3144, 1470, 60, 255.
3145, 1885, 14, 195.
3146, 1967, 22, 137.
3147, 896, 3, 157.
3148, 1733, 18, 432.
3149, 610, 93, 253.
3150, 578, 82, 471.
3151, 1600, 69, 445.
3152, 436, 2, 269.
3153, 476, 60, 343.
3154, 1250, 54, 281.
3155, 336, 13, 375.
3156, 1199, 97, 219.
3157, 1601, 62, 162.
3158, 707, 65, 288.
3159, 1937, 47, 121.
3160, 998, 59, 179.
3161, 574, 2, 23.
3162, 989, 23, 46.
3163, 1399, 13, 212.
3164, 1896, 49, 341.
3165, 1623, 67, 356.
3166, 397, 10, 330.
3167, 73, 24, 402.
3168, 909, 28, 154.
3169, 1887, 34, 83.
3170, 756, 48, 180.
3171, 546, 94, 69.
3172, 1933, 60, 244.
3173, 1851, 55, 447.
3174, 1279, 75, 362.
3175, 749, 48, 196.
3176, 835, 77, 113.
3177, 1966, 95, 186.
3178, 716, 29, 484.
3179, 1400, 72, 383.
3180, 1117, 18, 338.
3181, 612, 16, 109.
3182, 116, 59, 317.
3183, 1504, 49, 408.
3184, 576, 55, 417.
3185, 33, 13, 120.
3186, 971, 77, 406.
3187, 1581, 4, 416.
3188, 981, 9, 270.
3189, 1811, 90, 208.
3190, 1560, 8, 383.
3191, 107, 13, 462.
3192, 101, 89, 477.
3193, 186, 17, 435.
3194, 1897, 71, 151.
3195, 980, 53, 138.
3196, 278, 96, 140.
3197, 1884, 31, 435.
3198, 44, 76, 197.
3199, 1009, 47, 441.
3200, 1498, 88, 430.
3201, 314, 11, 354.
3202, 1650, 83, 49.
3203, 1261, 24, 144.
3204, 717, 15, 324.
3205, 906, 31, 155.
3206, 968, 32, 205.
3207, 1561, 17, 441.
3208, 1471, 26, 298.
3209, 784, 45, 237.
3210, 1864, 34, 39.
3211, 1626, 30, 400.
3212, 1049, 44, 13.
3213, 1128, 75, 223.
3214, 733, 52, 397.
3215, 561, 80, 349.
3216, 142, 3, 241.
3217, 1066, 78, 377.
3218, 187, 73, 70.
3219, 1325, 14, 397.
3220, 1314, 13, 341.
3221, 1004, 97, 440.
3222, 606, 19, 384.
3223, 156, 76, 378.
3224, 1248, 12, 102.
3225, 392, 10, 267.
3226, 492, 44, 187.
3227, 1826, 81, 449.
3228, 217, 15, 276.
3229, 1555, 49, 414.
3230, 945, 55, 32.
3231, 1766, 25, 240.
3232, 862, 10, 143.
3233, 624, 86, 361.
3234, 264, 99, 420.
3235, 392, 89, 166.
3236, 1780, 47, 158.
3237, 435, 72, 334.
3238, 1581, 75, 412.
3239, 1852, 86, 243.
3240, 1778, 54, 259.
3241, 761, 26, 18.
3242, 179, 71, 143.
3243, 942, 18, 454.
3244, 1919, 76, 375.
3245, 179, 11, 21.
3246, 888, 52, 78.
3247, 571, 59, 64.
3248, 1297, 52, 209.
3249, 1803, 86, 237.
3250, 206, 5, 104.
3251, 1642, 88, 212.
3252, 130, 12, 95.
3253, 1330, 60, 492.
3254, 965, 98, 366.
3255, 1651, 32, 353.
3256, 433, 78, 46.
3257, 1899, 32, 80.
3258, 688, 40, 380.
3259, 904, 21, 20.
3260, 101, 45, 75.
3261, 846, 39, 338.
3262, 1004, 50, 427.
3263, 1174, 62, 14.
3264, 1896, 6, 490.
3265, 1103, 71, 163.
3266, 1295, 21, 179.
3267, 1139, 15, 318.
3268, 355, 44, 382.
3269, 1018, 80, 483.
3270, 1007, 53, 23.
3271, 1666, 91, 113.
3272, 346, 45, 197.
3273, 1689, 77, 276.
3274, 179, 10, 151.
3275, 180, 76, 396.
3276, 526, 49, 318.
3277, 1164, 63, 460.
3278, 140, 56, 383.
3279, 244, 6, 215.
3280, 953, 60, 25.
3281, 1122, 73, 436.
3282, 1155, 53, 479.
3283, 194, 69, 111.
3284, 219, 54, 205.
3285, 1140, 7, 138.
3286, 1583, 2, 150.
3287, 808, 58, 239.
3288, 1427, 27, 332.
3289, 269, 21, 38.
3290, 766, 84, 146.
3291, 591, 73, 99.
3292, 1732, 64, 59.
3293, 503, 32, 92.
3294, 793, 38, 47.
3295, 1160, 23, 304.
3296, 1555, 85, 474.
3297, 1620, 16, 139.
3298, 165, 25, 462.
3299, 150, 65, 194.
3300, 1074, 20, 363.
3301, 1304, 97, 70.
3302, 839, 10, 390.
3303, 306, 94, 350.
3304, 1329, 88, 129.
3305, 485, 13, 211.
3306, 1292, 22, 472.
3307, 138, 19, 5.
3308, 781, 49, 91.
3309, 1168, 83, 42.
3310, 1441, 70, 307.
3311, 1035, 1, 182.
3312, 387, 88, 37.
3313, 369, 48, 99.
3314, 1756, 4, 390.
3315, 1793, 16, 11.
3316, 1224, 80, 139.
3317, 118, 67, 218.
3318, 1128, 23, 319.
3319, 1740, 63, 301.
3320, 350, 25, 424.
3321, 390, 71, 64.
3322, 1611, 18, 144.
3323, 1408, 24, 4.
3324, 1164, 42, 474.
3325, 1705, 32, 374.
3326, 1144, 84, 367.
3327, 639, 24, 72.
3328, 155, 49, 75.
3329, 73, 13, 362.
3330, 1940, 17, 173.
3331, 122, 40, 58.
3332, 798, 17, 53.
3333, 1801, 39, 150.
3334, 287, 14, 347.
3335, 868, 94, 318.
3336, 1212, 31, 112.
3337, 924, 55, 142.
3338, 1520, 57, 133.
3339, 399, 13, 415.
3340, 1626, 9, 252.
3341, 514, 28, 237.
3342, 1918, 76, 257.
3343, 471, 57, 214.
3344, 332, 1, 295.
3345, 1414, 14, 259.
3346, 50, 47, 275.
3347, 1706, 68, 119.
3348, 723, 96, 355.
3349, 18, 95, 150.
3350, 231, 94, 451.
3351, 1371, 16, 307.
3352, 927, 4, 382.
3353, 583, 74, 379.
3354, 182, 3, 314.
3355, 1919, 60, 198.
3356, 1943, 22, 354.
3357, 1121, 52, 432.
3358, 426, 87, 19.
3359, 1452, 65, 285.
3360, 620, 30, 168.
3361, 154, 22, 361.
3362, 1126, 48, 207.
3363, 1238, 93, 11.
3364, 1587, 67, 483.
3365, 1144, 33, 51.
3366, 217, 41, 175.
3367, 837, 69, 292.
3368, 1021, 26, 22.
3369, 520, 94, 31.
3370, 1477, 97, 226.
3371, 1864, 80, 256.
3372, 1831, 25, 12.
3373, 377, 60, 352.
3374, 130, 47, 177.
3375, 1916, 48, 376.
3376, 1468, 79, 137.
3377, 687, 24, 117.
3378, 244, 19, 473.
3379, 970, 54, 315.
3380, 1339, 37, 491.
3381, 1962, 37, 470.
3382, 1130, 92, 126.
3383, 1039, 43, 65.
3384, 1344, 21, 179.
3385, 855, 84, 117.
3386, 254, 19, 459.
3387, 1701, 99, 428.
3388, 1026, 78, 452.
3389, 1495, 88, 18.
3390, 1569, 75, 21.
3391, 1901, 87, 291.
3392, 753, 25, 172.
3393, 417, 85, 453.
3394, 672, 49, 185.
3395, 1462, 44, 160.
3396, 1947, 40, 211.
3397, 1757, 94, 447.
3398, 1582, 60, 303.
3399, 1188, 96, 19.
3400, 115, 39, 96.
3401, 1771, 50, 231.
3402, 1211, 6, 290.
3403, 382, 36, 119.
3404, 1875, 59, 390.
3405, 1242, 29, 342.
3406, 807, 37, 47.
3407, 162, 96, 89.
3408, 47, 18, 153.
3409, 249, 64, 97.
3410, 1530, 48, 66.
3411, 922, 93, 37.
3412, 1403, 24, 39.
3413, 703, 63, 454.
3414, 1237, 26, 90.
3415, 1522, 11, 253.
3416, 376, 20, 213.
3417, 604, 78, 394.
3418, 1594, 54, 47.
3419, 1422, 48, 3.
3420, 411, 20, 290.
3421, 1028, 5, 120.
3422, 1201, 92, 122.
3423, 987, 49, 131.
3424, 1459, 31, 114.
3425, 1149, 10, 399.
3426, 1383, 78, 163.
3427, 1532, 4, 228.
3428, 1833, 27, 422.
3429, 1694, 97, 223.
3430, 1406, 70, 126.
3431, 695, 91, 92.
3432, 391, 92, 12.
3433, 73, 2, 401.
3434, 927, 82, 342.
3435, 863, 96, 109.
3436, 146, 41, 396.
3437, 1054, 53, 463.
3438, 1756, 62, 483.
3439, 1844, 56, 179.
3440, 1445, 67, 174.
3441, 1782, 70, 244.
3442, 1268, 78, 52.
3443, 1839, 34, 300.
3444, 1884, 77, 446.
3445, 30, 2, 161.
3446, 1683, 25, 361.
3447, 1135, 76, 181.
3448, 1108, 33, 305.
3449, 1325, 62, 412.
3450, 1894, 52, 423.
3451, 1836, 65, 177.
3452, 78, 41, 465.
3453, 245, 16, 87.
3454, 1502, 47, 382.
3455, 844, 33, 173.
3456, 53, 22, 69.
3457, 1891, 23, 413.
3458, 709, 47, 380.
3459, 1494, 98, 264.
3460, 1678, 71, 146.
3461, 1687, 98, 238.
3462, 31, 7, 288.
3463, 1135, 30, 179.
3464, 1727, 41, 81.
3465, 871, 73, 330.
3466, 1842, 55, 169.
3467, 1967, 17, 371.
3468, 1713, 60, 90.
3469, 32, 79, 372.
3470, 1686, 88, 58.
3471, 556, 28, 29.
3472, 713, 67, 485.
3473, 893, 26, 178.
3474, 716, 81, 400.
3475, 1577, 21, 112.
3476, 274, 5, 426.
3477, 812, 16, 93.
3478, 256, 71, 361.
3479, 992, 67, 330.
3480, 69, 11, 103.
3481, 1361, 96, 245.
3482, 1021, 14, 13.
3483, 1259, 33, 187.
3484, 895, 62, 189.
3485, 371, 4, 265.
3486, 642, 3, 465.
3487, 17, 9, 230.
3488, 1569, 66, 298.
3489, 1285, 38, 268.
3490, 1254, 75, 461.
3491, 642, 83, 202.
3492, 916, 16, 170.
3493, 791, 96, 148.
3494, 93, 7, 159.
3495, 1826, 13, 197.
3496, 64, 71, 462.
3497, 97, 76, 434.
3498, 14, 33, 66.
3499, 1676, 11, 479.
3500, 1871, 99, 476.
3501, 1361, 91, 366.
3502, 36, 46, 1.
3503, 1298, 51, 294.
3504, 26, 94, 328.
3505, 1581, 18, 128.
3506, 647, 97, 50.
3507, 1547, 50, 424.
3508, 1227, 77, 382.
3509, 84, 96, 24.
3510, 261, 44, 440.
3511, 875, 73, 39.
3512, 875, 56, 425.
3513, 1611, 69, 135.
3514, 886, 38, 416.
3515, 1100, 36, 212.
3516, 781, 89, 113.
3517, 579, 92, 79.
3518, 1457, 88, 330.
3519, 1359, 15, 425.
3520, 1015, 69, 286.
3521, 1216, 54, 310.
3522, 1204, 95, 312.
3523, 140, 40, 486.
3524, 402, 21, 339.
3525, 883, 52, 338.
3526, 981, 46, 225.
3527, 178, 31, 389.
3528, 962, 64, 296.
3529, 1731, 47, 170.
3530, 748, 48, 144.
3531, 136, 72, 33.
3532, 1176, 98, 19.
3533, 401, 78, 11.
3534, 1857, 10, 418.
3535, 1361, 51, 171.
3536, 408, 15, 50.
3537, 1109, 70, 169.
3538, 328, 97, 247.
3539, 433, 51, 252.
3540, 1141, 25, 45.
3541, 1139, 22, 237.
3542, 459, 72, 381.
3543, 595, 77, 221.
3544, 241, 68, 446.
3545, 1884, 8, 215.
3546, 262, 93, 138.
3547, 741, 85, 339.
3548, 1686, 27, 268.
3549, 303, 73, 380.
3550, 498, 91, 394.
3551, 1009, 45, 266.
3552, 1354, 22, 223.
3553, 1071, 26, 177.
3554, 1130, 63, 230.
3555, 1700, 54, 490.
3556, 1792, 68, 135.
3557, 963, 72, 35.
3558, 765, 62, 197.
3559, 1791, 40, 382.
3560, 863, 20, 301.
3561, 1768, 7, 474.
3562, 938, 50, 88.
3563, 534, 1, 52.
3564, 1104, 52, 293.
3565, 1435, 28, 256.
3566, 993, 12, 363.
3567, 906, 34, 358.
3568, 1473, 68, 342.
3569, 355, 100, 120.
3570, 1502, 24, 115.
3571, 124, 51, 379.
3572, 904, 41, 172.
3573, 849, 83, 473.
3574, 1157, 94, 70.
3575, 432, 78, 430.
3576, 230, 63, 313.
3577, 843, 50, 98.
3578, 1632, 95, 284.
3579, 1548, 26, 83.
3580, 67, 20, 180.
3581, 1629, 44, 7.
3582, 1542, 54, 299.
3583, 139, 15, 40.
3584, 1388, 97, 468.
3585, 1653, 65, 130.
3586, 283, 7, 85.
3587, 374, 86, 10.
3588, 660, 5, 269.
3589, 267, 96, 364.
3590, 1923, 2, 145.
3591, 307, 20, 46.
3592, 1854, 89, 400.
3593, 1846, 92, 209.
3594, 1724, 55, 119.
3595, 1390, 54, 489.
3596, 1959, 30, 230.
3597, 796, 3, 29.
3598, 1112, 86, 53.
3599, 713, 83, 475.
3600, 1603, 10, 80.
3601, 131, 66, 363.
3602, 1107, 10, 373.
3603, 1806, 90, 214.
3604, 268, 22, 65.
3605, 1277, 98, 137.
3606, 1795, 26, 396.
3607, 616, 98, 437.
3608, 1020, 14, 253.
3609, 1527, 3, 211.
3610, 1797, 94, 364.
3611, 408, 18, 78.
3612, 667, 80, 125.
3613, 1950, 53, 144.
3614, 1775, 14, 215.
3615, 1446, 50, 408.
3616, 413, 22, 211.
3617, 468, 32, 194.
3618, 1604, 43, 254.
3619, 1476, 25, 483.
3620, 1794, 36, 336.
3621, 617, 98, 22.
3622, 1103, 92, 15.
3623, 428, 85, 489.
3624, 2, 44, 445.
3625, 6, 42, 128.
3626, 43, 81, 325.
3627, 605, 83, 197.
3628, 1401, 12, 66.
3629, 1782, 55, 314.
3630, 144, 17, 286.
3631, 862, 25, 218.
3632, 1267, 80, 97.
3633, 1210, 74, 46.
3634, 577, 23, 294.
3635, 306, 29, 357.
3636, 127, 27, 81.
3637, 1789, 57, 350.
3638, 1131, 49, 277.
3639, 1714, 4, 241.
3640, 548, 23, 312.
3641, 1632, 93, 194.
3642, 249, 39, 282.
3643, 88, 93, 33.
3644, 1497, 91, 371.
3645, 336, 44, 17.
3646, 966, 63, 216.
3647, 1932, 96, 156.
3648, 551, 18, 243.
3649, 72, 66, 397.
3650, 1847, 81, 286.
3651, 1919, 45, 463.
3652, 1627, 51, 425.
3653, 147, 53, 480.
3654, 536, 85, 185.
3655, 1479, 68, 368.
3656, 202, 15, 148.
3657, 613, 17, 206.
3658, 1473, 62, 19.
3659, 1751, 78, 364.
3660, 1109, 6, 144.
3661, 238, 47, 299.
3662, 1599, 55, 215.
3663, 1077, 38, 313.
3664, 1680, 54, 61.
3665, 724, 40, 426.
3666, 213, 22, 146.
3667, 311, 65, 64.
3668, 560, 64, 110.
3669, 1046, 3, 184.
3670, 1355, 11, 17.
3671, 767, 73, 377.
3672, 997, 74, 327.
3673, 1404, 23, 60.
3674, 1585, 35, 3.
3675, 276, 7, 309.
3676, 898, 7, 463.
3677, 1142, 24, 77.
3678, 1246, 67, 144.
3679, 313, 42, 301.
3680, 1833, 85, 169.
3681, 268, 16, 156.
3682, 793, 77, 491.
3683, 932, 21, 306.
3684, 1122, 91, 341.
3685, 793, 20, 314.
3686, 879, 56, 63.
3687, 660, 58, 48.
3688, 1736, 8, 112.
3689, 643, 91, 102.
3690, 19, 26, 170.
3691, 1574, 71, 256.
3692, 1918, 28, 330.
3693, 1309, 60, 97.
3694, 798, 32, 91.
3695, 123, 40, 445.
3696, 918, 27, 129.
3697, 1188, 77, 479.
3698, 1381, 33, 229.
3699, 693, 33, 409.
3700, 159, 42, 339.
3701, 744, 1, 297.
3702, 1481, 58, 479.
3703, 573, 68, 362.
3704, 1379, 77, 448.
3705, 1702, 96, 223.
3706, 1740, 16, 380.
3707, 1269, 47, 167.
3708, 1446, 58, 210.
3709, 170, 97, 144.
3710, 1750, 81, 286.
3711, 1426, 19, 170.
3712, 770, 36, 464.
3713, 417, 13, 189.
3714, 1839, 56, 154.
3715, 1781, 57, 461.
3716, 1702, 21, 73.
3717, 1879, 78, 7.
3718, 15, 9, 479.
3719, 136, 22, 463.
3720, 562, 11, 468.
3721, 1613, 81, 310.
3722, 1372, 80, 83.
3723, 1248, 39, 267.
3724, 58, 25, 87.
3725, 1176, 37, 375.
3726, 887, 75, 487.
3727, 1335, 87, 439.
3728, 1926, 42, 77.
3729, 995, 77, 222.
3730, 1505, 36, 257.
3731, 1161, 70, 120.
3732, 153, 31, 450.
3733, 630, 71, 106.
3734, 1461, 65, 386.
3735, 1083, 61, 408.
3736, 356, 6, 401.
3737, 1431, 91, 221.
3738, 334, 35, 459.
3739, 1946, 40, 176.
3740, 1004, 63, 179.
3741, 1196, 24, 83.
3742, 402, 88, 214.
3743, 960, 13, 6.
3744, 1052, 46, 330.
3745, 1607, 28, 319.
3746, 1178, 41, 147.
3747, 1782, 96, 457.
3748, 968, 71, 91.
3749, 1492, 56, 461.
3750, 1374, 20, 19.
3751, 1382, 98, 374.
3752, 495, 19, 323.
3753, 1776, 30, 408.
3754, 1274, 97, 367.
3755, 1657, 82, 465.
3756, 403, 26, 81.
3757, 364, 84, 178.
3758, 454, 68, 402.
3759, 254, 44, 117.
3760, 1074, 17, 64.
3761, 1734, 25, 436.
3762, 241, 17, 49.
3763, 178, 32, 194.
3764, 383, 86, 336.
3765, 1839, 99, 147.
3766, 758, 27, 53.
3767, 1348, 44, 338.
3768, 981, 7, 291.
3769, 426, 60, 470.
3770, 1436, 99, 242.
3771, 511, 14, 322.
3772, 733, 98, 355.
3773, 528, 33, 134.
3774, 948, 18, 212.
3775, 1585, 15, 332.
3776, 1559, 75, 290.
3777, 111, 88, 197.
3778, 1843, 14, 302.
3779, 62, 63, 279.
3780, 792, 48, 47.
3781, 169, 32, 488.
3782, 75, 80, 217.
3783, 296, 72, 476.
3784, 1227, 77, 306.
3785, 712, 53, 302.
3786, 1790, 88, 104.
3787, 699, 42, 283.
3788, 596, 53, 353.
3789, 145, 60, 274.
3790, 1001, 61, 388.
3791, 1385, 77, 88.
3792, 1311, 17, 229.
3793, 1465, 98, 153.
3794, 1723, 13, 203.
3795, 358, 99, 25.
3796, 1722, 12, 328.
3797, 1153, 44, 323.
3798, 1351, 100, 448.
3799, 1652, 69, 72.
3800, 872, 11, 210.
3801, 1942, 13, 21.
3802, 1179, 40, 4.
3803, 1267, 69, 402.
3804, 1433, 73, 437.
3805, 755, 31, 53.
3806, 1284, 72, 146.
3807, 858, 21, 380.
3808, 1560, 27, 112.
3809, 644, 20, 260.
3810, 1643, 68, 101.
3811, 1032, 36, 381.
3812, 612, 33, 34.
3813, 969, 76, 440.
3814, 551, 40, 123.
3815, 860, 83, 12.
3816, 790, 52, 67.
3817, 564, 57, 280.
3818, 1307, 95, 85.
3819, 866, 3, 440.
3820, 1607, 29, 124.
3821, 108, 88, 172.
3822, 1405, 31, 476.
3823, 375, 95, 313.
3824, 940, 63, 48.
3825, 1181, 91, 466.
3826, 1234, 85, 262.
3827, 1832, 51, 477.
3828, 1698, 4, 435.
3829, 1222, 3, 144.
3830, 1830, 90, 407.
3831, 537, 60, 243.
3832, 524, 69, 163.
3833, 517, 57, 214.
3834, 245, 80, 405.
3835, 1190, 77, 465.
3836, 904, 6, 191.
3837, 1703, 25, 356.
3838, 215, 41, 17.
3839, 325, 95, 291.
3840, 353, 52, 108.
3841, 877, 39, 422.
3842, 896, 89, 132.
3843, 98, 26, 267.
3844, 709, 39, 113.
3845, 427, 72, 459.
3846, 1656, 20, 217.
3847, 53, 70, 26.
3848, 1420, 44, 339.
3849, 691, 91, 470.
3850, 656, 10, 296.
3851, 326, 82, 357.
3852, 449, 12, 246.
3853, 1940, 45, 435.
3854, 241, 25, 312.
3855, 720, 26, 431.
3856, 157, 68, 188.
3857, 1487, 38, 125.
3858, 285, 16, 155.
3859, 1865, 15, 367.
3860, 1205, 39, 59.
3861, 81, 14, 9.
3862, 1473, 18, 96.
3863, 1274, 14, 395.
3864, 12, 31, 321.
3865, 1629, 16, 292.
3866, 957, 37, 145.
3867, 412, 47, 174.
3868, 257, 49, 285.
3869, 1660, 12, 5.
3870, 543, 88, 418.
3871, 230, 37, 393.
3872, 1478, 46, 374.
3873, 1480, 22, 446.
3874, 115, 72, 479.
3875, 641, 68, 365.
3876, 234, 4, 143.
3877, 1316, 14, 88.
3878, 1774, 72, 132.
3879, 757, 17, 164.
3880, 840, 83, 163.
3881, 833, 36, 47.
3882, 78, 25, 359.
3883, 959, 91, 48.
3884, 1718, 47, 219.
3885, 1850, 16, 461.
3886, 805, 9, 343.
3887, 1810, 63, 173.
3888, 738, 52, 478.
3889, 831, 66, 211.
3890, 670, 8, 345.
3891, 1283, 70, 452.
3892, 529, 51, 272.
3893, 927, 38, 239.
3894, 1280, 56, 429.
3895, 1868, 12, 11.
3896, 824, 52, 287.
3897, 1865, 83, 359.
3898, 671, 80, 142.
3899, 775, 8, 4.
3900, 1460, 77, 257.
3901, 273, 90, 199.
3902, 1738, 30, 450.
3903, 213, 99, 255.
3904, 734, 54, 193.
3905, 377, 17, 90.
3906, 902, 48, 150.
3907, 1253, 61, 90.
3908, 1333, 7, 333.
3909, 1416, 14, 183.
3910, 652, 96, 376.
3911, 1811, 22, 108.
3912, 1880, 88, 157.
3913, 282, 71, 108.
3914, 392, 16, 363.
3915, 1226, 66, 180.
3916, 1770, 72, 19.
3917, 32, 42, 238.
3918, 1495, 30, 456.
3919, 1324, 44, 203.
3920, 51, 57, 447.
3921, 500, 82, 268.
3922, 357, 25, 229.
3923, 385, 61, 31.
3924, 243, 71, 157.
3925, 1277, 41, 60.
3926, 664, 82, 84.
3927, 1395, 37, 193.
3928, 1620, 33, 322.
3929, 1655, 60, 463.
3930, 182, 17, 235.
3931, 807, 100, 275.
3932, 500, 88, 299.
3933, 1387, 30, 457.
3934, 1151, 3, 166.
3935, 536, 18, 281.
3936, 1075, 88, 155.
3937, 377, 47, 172.
3938, 1390, 40, 357.
3939, 1709, 72, 338.
3940, 1007, 16, 205.
3941, 1309, 16, 379.
3942, 659, 10, 77.
3943, 1079, 37, 313.
3944, 1611, 9, 129.
3945, 1580, 26, 18.
3946, 1164, 80, 355.
3947, 1559, 91, 6.
3948, 1511, 55, 60.
3949, 154, 61, 1.
3950, 112, 54, 339.
3951, 354, 21, 254.
3952, 1259, 45, 329.
3953, 1200, 88, 36.
3954, 64, 54, 418.
3955, 1695, 51, 81.
3956, 1437, 32, 407.
3957, 1672, 87, 236.
3958, 367, 90, 191.
3959, 516, 30, 486.
3960, 1095, 94, 54.
3961, 325, 82, 108.
3962, 154, 88, 405.
3963, 215, 16, 378.
3964, 1069, 15, 486.
3965, 1671, 57, 325.
3966, 1081, 53, 213.
3967, 1093, 67, 279.
3968, 763, 60, 62.
3969, 1152, 63, 172.
3970, 10, 38, 455.
3971, 625, 44, 85.
3972, 1049, 94, 305.
3973, 796, 100, 312.
3974, 1245, 18, 184.
3975, 661, 19, 5.
3976, 1730, 14, 144.
3977, 1508, 99, 287.
3978, 488, 91, 251.
3979, 1396, 7, 240.
3980, 1440, 59, 52.
3981, 398, 11, 110.
3982, 1466, 64, 419.
3983, 1197, 32, 236.
3984, 1427, 22, 377.
3985, 1875, 70, 64.
3986, 1655, 23, 346.
3987, 106, 8, 209.
3988, 581, 72, 108.
3989, 1052, 11, 103.
3990, 716, 20, 289.
3991, 1415, 57, 8.
3992, 1518, 45, 159.
3993, 917, 73, 17.
3994, 674, 15, 362.
3995, 1215, 8, 247.
3996, 1156, 59, 435.
3997, 1643, 49, 220.
3998, 777, 96, 246.
3999, 620, 16, 472.
4000, 1781, 2, 46.
